1.000000000000000056e-01 9.983341664682815475e-01
2.000000000000000111e-01 9.933466539753060820e-01
3.000000000000000444e-01 9.850673555377985613e-01
4.000000000000000222e-01 9.735458557716262229e-01
5.000000000000000000e-01 9.588510772084060108e-01
6.000000000000000888e-01 9.410707889917256930e-01
7.000000000000000666e-01 9.203109817681300875e-01
8.000000000000000444e-01 8.966951136244034615e-01
9.000000000000000222e-01 8.703632329194259665e-01
1.000000000000000000e+00 8.414709848078965049e-01
1.100000000000000089e+00 8.101885091467594391e-01
1.200000000000000178e+00 7.766992383060218330e-01
1.300000000000000044e+00 7.411986041670715064e-01
1.400000000000000133e+00 7.038926642774715470e-01
1.500000000000000000e+00 6.649966577360363340e-01
1.600000000000000089e+00 6.247335019009406798e-01
1.700000000000000178e+00 5.833322414426285185e-01
1.800000000000000044e+00 5.410264615989972548e-01
1.900000000000000133e+00 4.980526777302181074e-01
2.000000000000000000e+00 4.546487134128408547e-01
2.100000000000000089e+00 4.110520793566065367e-01
2.200000000000000178e+00 3.674983653725409360e-01
2.300000000000000266e+00 3.242196574681391330e-01
2.400000000000000355e+00 2.814429918963127220e-01
2.500000000000000000e+00 2.393888576415825753e-01
2.600000000000000089e+00 1.982697583928708374e-01
2.700000000000000178e+00 1.582888445310480507e-01
2.800000000000000266e+00 1.196386250556802228e-01
2.900000000000000355e+00 8.249976869447653294e-02
3.000000000000000000e+00 4.704000268662240219e-02
3.100000000000000089e+00 1.341311691396467401e-02
3.200000000000000178e+00 -1.824191982111877594e-02
3.300000000000000266e+00 -4.780172549795413256e-02
3.400000000000000355e+00 -7.515914765495047833e-02
3.500000000000000000e+00 -1.002237793398913779e-01
3.600000000000000089e+00 -1.229223453596812315e-01
3.700000000000000178e+00 -1.431989570022955127e-01
3.800000000000000266e+00 -1.610152344586103235e-01
3.900000000000000355e+00 -1.763502972266600133e-01
4.000000000000000000e+00 -1.892006238269820506e-01
4.100000000000000533e+00 -1.995797831864416227e-01
4.200000000000000178e+00 -2.075180410508543349e-01
4.299999999999999822e+00 -2.130618457556872070e-01
4.400000000000000355e+00 -2.162731986112536309e-01
4.500000000000000000e+00 -2.172289150366882304e-01
4.600000000000000533e+00 -2.160197833985792182e-01
4.700000000000000178e+00 -2.127496292689576018e-01
4.800000000000000711e+00 -2.075342935074667439e-01
4.900000000000000355e+00 -2.005005331886392794e-01
5.000000000000000000e+00 -1.917848549326277019e-01
5.100000000000000533e+00 -1.815322906524964863e-01
5.200000000000000178e+00 -1.698951261000294366e-01
5.300000000000000711e+00 -1.570315928724340948e-01
5.400000000000000355e+00 -1.431045347325902162e-01
5.500000000000000000e+00 -1.282800591946167135e-01
5.600000000000000533e+00 -1.127261853343430043e-01
5.700000000000000178e+00 -9.661149870133992068e-02
5.800000000000000711e+00 -8.010382403685457897e-02
5.900000000000000355e+00 -6.336892624241287353e-02
6.000000000000000000e+00 -4.656924969982097900e-02
6.100000000000000533e+00 -2.986270561837622850e-02
6.200000000000000178e+00 -1.340151658346716047e-02
6.300000000000000711e+00 2.668873092754063536e-03
6.400000000000000355e+00 1.821081325788962910e-02
6.500000000000000000e+00 3.309538278274085088e-02
6.600000000000000533e+00 4.720323689596646333e-02
6.700000000000000178e+00 6.042536128605944384e-02
6.800000000000000711e+00 7.266372810861895792e-02
6.900000000000000355e+00 8.383184991133334207e-02
7.000000000000000000e+00 9.385522838839843729e-02
7.100000000000000533e+00 1.026716957923769630e-01
7.200000000000000178e+00 1.102316477568268116e-01
7.300000000000000711e+00 1.164981672093924336e-01
7.400000000000000355e+00 1.214470399745441742e-01
7.500000000000000000e+00 1.250666635699651807e-01
7.600000000000000533e+00 1.273578515830903202e-01
7.700000000000000178e+00 1.283335368671429111e-01
7.800000000000000711e+00 1.280183776121288364e-01
7.900000000000000355e+00 1.264482711189584829e-01
8.000000000000000000e+00 1.236697808279227234e-01
8.099999999999999645e+00 1.197394828203810352e-01
8.200000000000001066e+00 1.147232386194844411e-01
8.300000000000000711e+00 1.086954016573847270e-01
8.400000000000000355e+00 1.017379652486048031e-01
8.500000000000000000e+00 9.393966030864590866e-02
8.599999999999999645e+00 8.539501138071085851e-02
8.700000000000001066e+00 7.620335977956113616e-02
8.800000000000000711e+00 6.646786282860928097e-02
8.900000000000000355e+00 5.629447825369490038e-02
9.000000000000000000e+00 4.579094280463961997e-02
9.099999999999999645e+00 3.506575410432440781e-02
9.200000000000001066e+00 2.422716457611368349e-02
9.300000000000000711e+00 1.338219607602813936e-02
9.400000000000000355e+00 2.635683558867847175e-03
9.500000000000000000e+00 -7.910644259137821974e-03
9.600000000000001421e+00 -1.815903971072722542e-02
9.700000000000001066e+00 -2.801655942380867556e-02
9.800000000000000711e+00 -3.739582951550289580e-02
9.900000000000000355e+00 -4.621574684599204924e-02
1.000000000000000000e+01 -5.440211108893697883e-02
