Acura         Integra        Small   12.9 15.9 18.8 25 31 0 1 4 1.8 140 6300
2890 1 13.2 5 177 102 68 37 26.5 11 2705 0
Acura         Legend         Midsize 29.2 33.9 38.7 18 25 2 1 6 3.2 200 5500
2335 1 18.0 5 195 115 71 38 30.0 15 3560 0
Audi          90             Compact 25.9 29.1 32.3 20 26 1 1 6 2.8 172 5500
2280 1 16.9 5 180 102 67 37 28.0 14 3375 0
Audi          100            Midsize 30.8 37.7 44.6 19 26 2 1 6 2.8 172 5500
2535 1 21.1 6 193 106 70 37 31.0 17 3405 0
BMW           535i           Midsize 23.7 30.0 36.2 22 30 1 0 4 3.5 208 5700
2545 1 21.1 4 186 109 69 39 27.0 13 3640 0
Buick         Century        Midsize 14.2 15.7 17.3 22 31 1 1 4 2.2 110 5200
2565 0 16.4 6 189 105 69 41 28.0 16 2880 1
Buick         LeSabre        Large   19.9 20.8 21.7 19 28 1 1 6 3.8 170 4800
1570 0 18.0 6 200 111 74 42 30.5 17 3470 1
Buick         Roadmaster     Large   22.6 23.7 24.9 16 25 1 0 6 5.7 180 4000
1320 0 23.0 6 216 116 78 45 30.5 21 4105 1
Buick         Riviera        Midsize 26.3 26.3 26.3 19 27 1 1 6 3.8 170 4800
1690 0 18.8 5 198 108 73 41 26.5 14 3495 1
Cadillac      DeVille        Large   33.0 34.7 36.3 16 25 1 1 8 4.9 200 4100
1510 0 18.0 6 206 114 73 43 35.0 18 3620 1
Cadillac      Seville        Midsize 37.5 40.1 42.7 16 25 2 1 8 4.6 295 6000
1985 0 20.0 5 204 111 74 44 31.0 14 3935 1
Chevrolet     Cavalier       Compact  8.5 13.4 18.3 25 36 0 1 4 2.2 110 5200
2380 1 15.2 5 182 101 66 38 25.0 13 2490 1
Chevrolet     Corsica        Compact 11.4 11.4 11.4 25 34 1 1 4 2.2 110 5200
2665 1 15.6 5 184 103 68 39 26.0 14 2785 1
Chevrolet     Camaro         Sporty  13.4 15.1 16.8 19 28 2 0 6 3.4 160 4600
1805 1 15.5 4 193 101 74 43 25.0 13 3240 1
Chevrolet     Lumina         Midsize 13.4 15.9 18.4 21 29 0 1 4 2.2 110 5200
2595 0 16.5 6 198 108 71 40 28.5 16 3195 1
Chevrolet     Lumina_APV     Van     14.7 16.3 18.0 18 23 0 1 6 3.8 170 4800
1690 0 20.0 7 178 110 74 44 30.5  * 3715 1
Chevrolet     Astro          Van     14.7 16.6 18.6 15 20 0 2 6 4.3 165 4000
1790 0 27.0 8 194 111 78 42 33.5  * 4025 1
Chevrolet     Caprice        Large   18.0 18.8 19.6 17 26 1 0 8 5.0 170 4200
1350 0 23.0 6 214 116 77 42 29.5 20 3910 1
Chevrolet     Corvette       Sporty  34.6 38.0 41.5 17 25 1 0 8 5.7 300 5000
1450 1 20.0 2 179  96 74 43   *   * 3380 1
Chrylser      Concorde       Large   18.4 18.4 18.4 20 28 2 1 6 3.3 153 5300
1990 0 18.0 6 203 113 74 40 31.0 15 3515 1
Chrysler      LeBaron        Compact 14.5 15.8 17.1 23 28 2 1 4 3.0 141 5000
2090 0 16.0 6 183 104 68 41 30.5 14 3085 1
Chrysler      Imperial       Large   29.5 29.5 29.5 20 26 1 1 6 3.3 147 4800
1785 0 16.0 6 203 110 69 44 36.0 17 3570 1
Dodge         Colt           Small    7.9  9.2 10.6 29 33 0 1 4 1.5  92 6000
3285 1 13.2 5 174  98 66 32 26.5 11 2270 1
Dodge         Shadow         Small    8.4 11.3 14.2 23 29 1 1 4 2.2  93 4800
2595 1 14.0 5 172  97 67 38 26.5 13 2670 1
Dodge         Spirit         Compact 11.9 13.3 14.7 22 27 1 1 4 2.5 100 4800
2535 1 16.0 6 181 104 68 39 30.5 14 2970 1
Dodge         Caravan        Van     13.6 19.0 24.4 17 21 1 2 6 3.0 142 5000
1970 0 20.0 7 175 112 72 42 26.5  * 3705 1
Dodge         Dynasty        Midsize 14.8 15.6 16.4 21 27 1 1 4 2.5 100 4800
2465 0 16.0 6 192 105 69 42 30.5 16 3080 1
Dodge         Stealth        Sporty  18.5 25.8 33.1 18 24 1 2 6 3.0 300 6000
2120 1 19.8 4 180  97 72 40 20.0 11 3805 1
Eagle         Summit         Small    7.9 12.2 16.5 29 33 0 1 4 1.5  92 6000
2505 1 13.2 5 174  98 66 36 26.5 11 2295 1
Eagle         Vision         Large   17.5 19.3 21.2 20 28 2 1 6 3.5 214 5800
1980 0 18.0 6 202 113 74 40 30.0 15 3490 1
Ford          Festiva        Small    6.9  7.4  7.9 31 33 0 1 4 1.3  63 5000
3150 1 10.0 4 141  90 63 33 26.0 12 1845 1
Ford          Escort         Small    8.4 10.1 11.9 23 30 0 1 4 1.8 127 6500
2410 1 13.2 5 171  98 67 36 28.0 12 2530 1
Ford          Tempo          Compact 10.4 11.3 12.2 22 27 0 1 4 2.3  96 4200
2805 1 15.9 5 177 100 68 39 27.5 13 2690 1
Ford          Mustang        Sporty  10.8 15.9 21.0 22 29 1 0 4 2.3 105 4600
2285 1 15.4 4 180 101 68 40 24.0 12 2850 1
Ford          Probe          Sporty  12.8 14.0 15.2 24 30 1 1 4 2.0 115 5500
2340 1 15.5 4 179 103 70 38 23.0 18 2710 1
Ford          Aerostar       Van     14.5 19.9 25.3 15 20 1 2 6 3.0 145 4800
2080 1 21.0 7 176 119 72 45 30.0  * 3735 1
Ford          Taurus         Midsize 15.6 20.2 24.8 21 30 1 1 6 3.0 140 4800
1885 0 16.0 5 192 106 71 40 27.5 18 3325 1
Ford          Crown_Victoria Large   20.1 20.9 21.7 18 26 1 0 8 4.6 190 4200
1415 0 20.0 6 212 114 78 43 30.0 21 3950 1
Geo           Metro          Small    6.7  8.4 10.0 46 50 0 1 3 1.0  55 5700
3755 1 10.6 4 151  93 63 34 27.5 10 1695 0
Geo           Storm          Sporty  11.5 12.5 13.5 30 36 1 1 4 1.6  90 5400
3250 1 12.4 4 164  97 67 37 24.5 11 2475 0
Honda         Prelude        Sporty  17.0 19.8 22.7 24 31 2 1 4 2.3 160 5800
2855 1 15.9 4 175 100 70 39 23.5  8 2865 0
Honda         Civic          Small    8.4 12.1 15.8 42 46 1 1 4 1.5 102 5900
2650 1 11.9 4 173 103 67 36 28.0 12 2350 0
Honda         Accord         Compact 13.8 17.5 21.2 24 31 2 1 4 2.2 140 5600
2610 1 17.0 4 185 107 67 41 28.0 14 3040 0
Hyundai       Excel          Small    6.8  8.0  9.2 29 33 0 1 4 1.5  81 5500
2710 1 11.9 5 168  94 63 35 26.0 11 2345 0
Hyundai       Elantra        Small    9.0 10.0 11.0 22 29 0 1 4 1.8 124 6000
2745 1 13.7 5 172  98 66 36 28.0 12 2620 0
Hyundai       Scoupe         Sporty   9.1 10.0 11.0 26 34 0 1 4 1.5  92 5550
2540 1 11.9 4 166  94 64 34 23.5  9 2285 0
Hyundai       Sonata         Midsize 12.4 13.9 15.3 20 27 0 1 4 2.0 128 6000
2335 1 17.2 5 184 104 69 41 31.0 14 2885 0
Infiniti      Q45            Midsize 45.4 47.9 50.4 17 22 1 0 8 4.5 278 6000
1955 0 22.5 5 200 113 72 42 29.0 15 4000 0
Lexus         ES300          Midsize 27.5 28.0 28.4 18 24 1 1 6 3.0 185 5200
2325 1 18.5 5 188 103 70 40 27.5 14 3510 0
Lexus         SC300          Midsize 34.7 35.2 35.6 18 23 2 0 6 3.0 225 6000
2510 1 20.6 4 191 106 71 39 25.0  9 3515 0
Lincoln       Continental    Midsize 33.3 34.3 35.3 17 26 2 1 6 3.8 160 4400
1835 0 18.4 6 205 109 73 42 30.0 19 3695 1
Lincoln       Town_Car       Large   34.4 36.1 37.8 18 26 2 0 8 4.6 210 4600
1840 0 20.0 6 219 117 77 45 31.5 22 4055 1
Mazda         323            Small    7.4  8.3  9.1 29 37 0 1 4 1.6  82 5000
2370 1 13.2 4 164  97 66 34 27.0 16 2325 0
Mazda         Protege        Small   10.9 11.6 12.3 28 36 0 1 4 1.8 103 5500
2220 1 14.5 5 172  98 66 36 26.5 13 2440 0
Mazda         626            Compact 14.3 16.5 18.7 26 34 1 1 4 2.5 164 5600
2505 1 15.5 5 184 103 69 40 29.5 14 2970 0
Mazda         MPV            Van     16.6 19.1 21.7 18 24 0 2 6 3.0 155 5000
2240 0 19.6 7 190 110 72 39 27.5  * 3735 0
Mazda         RX-7           Sporty  32.5 32.5 32.5 17 25 1 0 * 1.3 255 6500
2325 1 20.0 2 169  96 69 37   *   * 2895 0
Mercedes-Benz 190E           Compact 29.0 31.9 34.9 20 29 1 0 4 2.3 130 5100
2425 1 14.5 5 175 105 67 34 26.0 12 2920 0
Mercedes-Benz 300E           Midsize 43.8 61.9 80.0 19 25 2 0 6 3.2 217 5500
2220 0 18.5 5 187 110 69 37 27.0 15 3525 0
Mercury       Capri          Sporty  13.3 14.1 15.0 23 26 1 1 4 1.6 100 5750
2475 1 11.1 4 166  95 65 36 19.0  6 2450 1
Mercury       Cougar         Midsize 14.9 14.9 14.9 19 26 0 0 6 3.8 140 3800
1730 0 18.0 5 199 113 73 38 28.0 15 3610 1
Mitsubishi    Mirage         Small    7.7 10.3 12.9 29 33 0 1 4 1.5  92 6000
2505 1 13.2 5 172  98 67 36 26.0 11 2295 0
Mitsubishi    Diamante       Midsize 22.4 26.1 29.9 18 24 1 1 6 3.0 202 6000
2210 0 19.0 5 190 107 70 43 27.5 14 3730 0
Nissan        Sentra         Small    8.7 11.8 14.9 29 33 1 1 4 1.6 110 6000
2435 1 13.2 5 170  96 66 33 26.0 12 2545 0
Nissan        Altima         Compact 13.0 15.7 18.3 24 30 1 1 4 2.4 150 5600
2130 1 15.9 5 181 103 67 40 28.5 14 3050 0
Nissan        Quest          Van     16.7 19.1 21.5 17 23 0 1 6 3.0 151 4800
2065 0 20.0 7 190 112 74 41 27.0  * 4100 0
Nissan        Maxima         Midsize 21.0 21.5 22.0 21 26 1 1 6 3.0 160 5200
2045 0 18.5 5 188 104 69 41 28.5 14 3200 0
Oldsmobile    Achieva        Compact 13.0 13.5 14.0 24 31 0 1 4 2.3 155 6000
2380 0 15.2 5 188 103 67 39 28.0 14 2910 1
Oldsmobile    Cutlass_Ciera  Midsize 14.2 16.3 18.4 23 31 1 1 4 2.2 110 5200
2565 0 16.5 5 190 105 70 42 28.0 16 2890 1
Oldsmobile    Silhouette     Van     19.5 19.5 19.5 18 23 0 1 6 3.8 170 4800
1690 0 20.0 7 194 110 74 44 30.5  * 3715 1
Oldsmobile    Eighty-Eight   Large   19.5 20.7 21.9 19 28 1 1 6 3.8 170 4800
1570 0 18.0 6 201 111 74 42 31.5 17 3470 1
Plymouth      Laser          Sporty  11.4 14.4 17.4 23 30 0 2 4 1.8  92 5000
2360 1 15.9 4 173  97 67 39 24.5  8 2640 1
Pontiac       LeMans         Small    8.2  9.0  9.9 31 41 0 1 4 1.6  74 5600
3130 1 13.2 4 177  99 66 35 25.5 17 2350 1
Pontiac       Sunbird        Compact  9.4 11.1 12.8 23 31 0 1 4 2.0 110 5200
2665 1 15.2 5 181 101 66 39 25.0 13 2575 1
Pontiac       Firebird       Sporty  14.0 17.7 21.4 19 28 2 0 6 3.4 160 4600
1805 1 15.5 4 196 101 75 43 25.0 13 3240 1
Pontiac       Grand_Prix     Midsize 15.4 18.5 21.6 19 27 0 1 6 3.4 200 5000
1890 1 16.5 5 195 108 72 41 28.5 16 3450 1
Pontiac       Bonneville     Large   19.4 24.4 29.4 19 28 2 1 6 3.8 170 4800
1565 0 18.0 6 177 111 74 43 30.5 18 3495 1
Saab          900            Compact 20.3 28.7 37.1 20 26 1 1 4 2.1 140 6000
2910 1 18.0 5 184  99 67 37 26.5 14 2775 0
Saturn        SL             Small    9.2 11.1 12.9 28 38 1 1 4 1.9  85 5000
2145 1 12.8 5 176 102 68 40 26.5 12 2495 1
Subaru        Justy          Small    7.3  8.4  9.5 33 37 0 2 3 1.2  73 5600
2875 1  9.2 4 146  90 60 32 23.5 10 2045 0
Subaru        Loyale         Small   10.5 10.9 11.3 25 30 0 2 4 1.8  90 5200
3375 1 15.9 5 175  97 65 35 27.5 15 2490 0
Subaru        Legacy         Compact 16.3 19.5 22.7 23 30 1 2 4 2.2 130 5600
2330 1 15.9 5 179 102 67 37 27.0 14 3085 0
Suzuki        Swift          Small    7.3  8.6 10.0 39 43 0 1 3 1.3  70 6000
3360 1 10.6 4 161  93 63 34 27.5 10 1965 0
Toyota        Tercel         Small    7.8  9.8 11.8 32 37 1 1 4 1.5  82 5200
3505 1 11.9 5 162  94 65 36 24.0 11 2055 0
Toyota        Celica         Sporty  14.2 18.4 22.6 25 32 1 1 4 2.2 135 5400
2405 1 15.9 4 174  99 69 39 23.0 13 2950 0
Toyota        Camry          Midsize 15.2 18.2 21.2 22 29 1 1 4 2.2 130 5400
2340 1 18.5 5 188 103 70 38 28.5 15 3030 0
Toyota        Previa         Van     18.9 22.7 26.6 18 22 1 2 4 2.4 138 5000
2515 1 19.8 7 187 113 71 41 35.0  * 3785 0
Volkswagen    Fox            Small    8.7  9.1  9.5 25 33 0 1 4 1.8  81 5500
2550 1 12.4 4 163  93 63 34 26.0 10 2240 0
Volkswagen    Eurovan        Van     16.6 19.7 22.7 17 21 0 1 5 2.5 109 4500
2915 1 21.1 7 187 115 72 38 34.0  * 3960 0
Volkswagen    Passat         Compact 17.6 20.0 22.4 21 30 0 1 4 2.0 134 5800
2685 1 18.5 5 180 103 67 35 31.5 14 2985 0
Volkswagen    Corrado        Sporty  22.9 23.3 23.7 18 25 0 1 6 2.8 178 5800
2385 1 18.5 4 159  97 66 36 26.0 15 2810 0
Volvo         240            Compact 21.8 22.7 23.5 21 28 1 0 4 2.3 114 5400
2215 1 15.8 5 190 104 67 37 29.5 14 2985 0
Volvo         850            Midsize 24.8 26.7 28.5 20 28 2 1 5 2.4 168 6200
2310 1 19.3 5 184 105 69 38 30.0 15 3245 0
