42.9 26.0 31.5 17.7 28.0 13.1 10.4 18.8 14.1 106.2  89.5  71.5  74.5  93.5 51.5 32.5 26.0 34.5 36.5 23.5 16.5 21.0  65.6 174.0 1
43.7 28.5 33.5 16.9 30.8 14.0 11.8 20.6 15.1 110.5  97.0  79.0  86.5  94.8 51.5 34.4 28.0 36.5 37.5 24.5 17.0 23.0  71.8 175.3 1
40.1 28.2 33.3 20.9 31.7 13.9 10.9 19.7 14.1 115.1  97.5  83.2  82.9  95.0 57.3 33.4 28.8 37.0 37.3 21.9 16.9 28.0  80.7 193.5 1
44.3 29.9 34.0 18.4 28.2 13.9 11.2 20.9 15.0 104.5  97.0  77.8  78.8  94.0 53.0 31.0 26.2 37.0 34.8 23.0 16.6 23.0  72.6 186.5 1
42.5 29.9 34.0 21.5 29.4 15.2 11.6 20.7 14.9 107.5  97.5  80.0  82.5  98.5 55.4 32.0 28.4 37.7 38.6 24.4 18.0 22.0  78.8 187.2 1
43.3 27.0 31.5 19.6 31.3 14.0 11.5 18.8 13.9 119.8  99.9  82.5  80.1  95.3 57.5 33.0 28.0 36.6 36.1 23.5 16.9 21.0  74.8 181.5 1
43.5 30.0 34.0 21.9 31.7 16.1 12.5 20.8 15.6 123.5 106.9  82.0  84.0 101.0 60.9 42.4 32.3 40.1 40.3 23.6 18.8 26.0  86.4 184.0 1
44.4 29.8 33.2 21.8 28.8 15.1 11.9 21.0 14.6 120.4 102.5  76.8  80.5  98.0 56.0 34.1 28.0 39.2 36.7 22.5 18.0 27.0  78.4 184.5 1
43.5 26.5 32.1 15.5 27.5 14.1 11.2 18.9 13.2 111.0  91.0  68.5  69.0  89.5 50.0 33.0 26.0 35.5 35.0 22.0 16.5 23.0  62.0 175.0 1
42.0 28.0 34.0 22.5 28.0 15.6 12.0 21.1 15.0 119.5  93.5  77.5  81.5  99.8 59.8 36.5 29.2 38.3 38.6 22.2 16.9 21.0  81.6 184.0 1
40.3 29.0 33.0 20.1 30.3 13.4 10.4 19.4 14.5 117.1  97.7  81.9  81.0  98.4 60.5 34.6 27.9 38.9 40.1 23.2 16.2 23.0  76.6 180.0 1
43.7 29.0 31.3 20.5 29.7 15.0 11.7 20.9 16.0 123.5  99.5  82.6  82.5  95.0 58.5 38.5 30.4 39.0 38.4 24.3 18.2 22.0  83.6 177.8 1
47.4 29.6 35.7 20.8 31.4 16.1 11.3 21.5 15.4 116.5 103.0  85.0  94.5 103.0 59.0 33.5 29.0 40.5 40.0 26.0 18.0 20.0  90.0 192.0 1
40.3 27.5 31.4 21.7 28.0 13.3 10.3 18.8 13.2 113.0  99.6  85.6  89.2  98.0 59.1 35.6 29.0 35.8 36.0 21.5 16.6 26.0  74.6 176.0 1
41.0 26.8 32.2 21.9 28.6 14.9 10.6 17.8 14.0 107.5 101.5  78.0  89.5  95.0 57.0 36.0 29.0 34.5 35.0 22.0 16.5 23.0  71.0 174.0 1
45.0 27.0 33.2 21.7 30.6 13.7 11.1 20.7 14.0 112.0 104.1  82.0  84.0  97.0 56.0 34.5 29.5 39.0 35.7 24.0 17.5 22.0  79.6 184.0 1
39.9 30.0 34.5 21.0 29.4 15.6 11.9 21.2 16.0 112.2 100.0  88.3  93.5 105.0 65.8 37.0 28.8 40.9 41.7 24.2 17.8 30.0  93.8 192.7 1
43.0 26.5 30.3 19.3 30.0 14.8 11.2 19.7 14.7 120.0  93.8  73.6  74.9  90.1 54.1 31.2 26.9 36.4 35.6 22.0 17.1 22.0  70.0 171.5 1
43.1 28.6 33.4 22.2 29.5 14.9 12.2 20.8 14.8 109.0  98.5  78.5  86.0  94.5 55.0 34.5 28.5 38.0 36.5 23.0 18.5 29.0  72.4 173.0 1
43.6 29.3 34.4 20.2 32.6 15.4 10.9 20.7 15.5 118.5 104.0  87.3  88.0 101.1 59.5 37.0 30.5 39.8 42.0 26.5 18.8 22.0  85.9 176.0 1
42.0 27.5 30.7 21.3 32.0 13.1 11.1 19.2 13.9 116.0 100.0  92.0  91.0  98.0 57.5 32.0 27.6 37.5 35.2 21.0 17.3 22.0  78.8 176.0 1
43.8 28.0 33.3 20.0 32.0 15.0 11.5 20.4 14.4 111.0 100.0  80.0  83.7  99.5 57.0 37.0 30.0 37.5 35.5 23.0 18.0 20.0  77.8 180.5 1
42.3 26.4 31.2 18.0 30.9 14.6 10.8 18.6 13.8 117.7  99.0  74.5  75.9  92.2 53.4 31.2 26.9 36.2 33.3 23.5 16.0 22.0  66.2 172.7 1
42.7 29.9 35.0 21.8 32.8 14.3 11.2 19.8 14.1 123.9 101.0  90.6  89.6 101.2 59.5 37.0 28.3 35.4 40.6 22.9 17.0 24.0  86.4 176.0 1
44.8 27.8 32.2 18.3 31.5 15.2 11.6 19.4 14.7 120.6 101.6  81.4  81.6  98.8 61.3 39.4 31.9 38.5 41.2 22.8 18.2 26.0  81.8 173.5 1
46.0 30.1 34.5 20.2 31.1 16.4 13.3 22.2 14.9 129.5 108.8  89.5  89.5 106.0 59.5 37.5 30.1 39.9 41.5 23.5 19.0 24.0  89.6 178.0 1
45.4 31.8 35.2 20.2 32.3 14.6 10.5 20.2 15.3 115.0 100.0  85.0  94.5 105.0 62.0 35.5 28.5 38.0 40.0 23.5 16.7 21.0  82.8 180.3 1
40.5 28.3 33.4 19.2 28.8 14.6 11.1 20.8 14.5 116.0  88.0  73.5  77.7  97.0 56.3 32.5 27.8 39.0 38.2 23.5 17.8 24.0  76.4 180.3 1
39.4 25.5 30.2 17.6 27.7 13.0 10.2 18.9 13.2 107.8  88.7  75.8  83.0  89.0 52.6 31.2 26.5 37.0 37.4 21.5 16.5 23.0  63.2 164.5 1
40.2 27.2 31.7 18.1 26.5 13.3 10.1 18.6 13.2 100.2  84.5  74.0  81.0  93.5 50.5 27.5 24.8 34.0 32.8 21.0 15.6 19.0  60.9 173.0 1
44.2 30.3 34.7 19.4 30.0 14.9 11.0 19.1 15.8 113.0  93.6  77.5  82.1  95.0 56.5 32.8 26.2 37.6 36.3 21.0 16.6 23.0  74.8 183.5 1
41.0 23.6 30.2 22.9 28.0 14.3 11.2 18.2 14.0 117.9 105.0  74.0  72.0  90.0 54.2 34.1 28.6 36.2 36.6 22.4 17.2 25.0  70.0 175.5 1
44.0 31.0 35.3 19.2 31.0 15.2 11.4 21.2 15.1 112.5  90.9  74.0  78.8  96.4 51.8 29.8 27.0 36.4 34.6 22.9 17.0 23.0  72.4 188.0 1
41.6 32.0 35.3 23.6 27.0 15.5 11.3 20.9 15.0 110.5  91.2  82.0  89.5 100.0 57.5 32.8 28.0 40.7 40.1 24.3 17.2 23.0  84.1 189.2 1
41.0 25.1 31.9 20.8 27.9 13.6 10.8 18.8 12.9 112.0  98.4  73.0  83.0  95.4 56.3 36.4 27.5 37.2 34.5 21.8 16.9 23.0  69.1 172.8 1
41.5 24.5 30.5 17.7 26.7 13.3 10.8 18.6 14.0 104.0  85.0  70.5  84.0  90.0 50.0 29.0 26.0 36.0 34.5 21.5 17.0 20.0  59.5 170.0 1
41.1 27.8 31.4 19.0 31.5 14.5 11.9 18.5 13.0 114.8  97.2  75.0  77.2  91.3 49.5 31.0 26.1 36.3 35.1 21.0 17.0 22.0  67.2 182.0 1
38.8 27.2 31.6 18.5 25.5 13.4 10.8 19.0 14.0 108.0  91.5  72.1  79.2  91.0 54.9 29.5 24.5 36.1 37.2 22.9 16.0 24.0  61.3 170.0 1
36.2 27.5 30.4 18.7 28.0 13.6 10.8 19.0 15.4 111.2  91.2  78.8  78.0  93.2 55.8 31.9 27.4 36.4 35.1 23.0 16.8 22.0  68.6 177.8 1
42.1 27.5 32.4 18.2 28.0 16.2 12.0 21.0 16.4 118.3 101.1  77.5  78.0  97.0 55.0 37.7 29.9 38.3 39.6 23.3 18.7 24.0  80.1 184.2 1
40.3 29.4 32.9 23.7 31.5 14.6 11.3 19.8 15.2 115.2 104.3  91.5  93.2 103.9 62.0 36.3 29.0 36.7 39.4 23.1 17.6 21.0  87.8 186.7 1
41.7 27.1 32.6 21.6 28.0 14.1 11.5 19.7 13.8 129.9 110.8  84.9  83.0 102.6 66.4 42.3 30.9 37.0 37.7 22.6 17.5 23.0  84.7 171.4 1
37.8 27.1 31.5 18.5 27.3 14.6 10.8 19.5 14.9 112.9  96.3  79.1  78.3  97.1 60.1 35.5 28.8 36.9 38.2 23.4 16.7 24.0  73.4 172.7 1
39.2 26.1 30.8 19.4 29.9 14.3 11.2 20.0 16.0 112.2 102.7  77.9  77.9  90.7 56.7 35.4 28.3 35.6 35.5 22.9 17.0 35.0  72.1 175.3 1
41.5 30.8 33.3 19.4 30.6 14.8 11.3 20.2 16.0 117.1 103.9  91.7  89.4 101.8 61.0 35.7 29.4 37.7 40.0 22.2 17.9 29.0  82.6 180.3 1
42.5 27.8 33.5 20.6 30.2 15.9 12.8 22.4 16.3 118.7 105.6  86.6  87.3 103.9 63.2 37.8 29.7 39.0 40.2 24.3 18.9 25.0  88.7 182.9 1
39.4 26.1 34.4 20.4 27.3 15.1 10.6 20.0 15.3 109.2  95.8  84.7  84.0 101.4 60.0 35.0 28.5 38.4 37.9 23.2 16.8 23.0  84.1 188.0 1
43.6 33.1 33.5 21.6 33.1 15.6 12.0 20.7 16.5 128.1 111.2  90.3  93.5 108.7 66.9 40.2 32.4 39.2 40.1 25.7 17.7 20.0  94.1 177.2 1
38.9 24.9 28.7 19.7 26.8 14.2 10.2 18.0 14.4 113.3 100.0  79.7  87.1  98.4 61.1 36.3 28.6 34.5 36.1 21.4 16.3 25.0  74.9 172.1 1
37.6 24.4 28.0 18.0 26.4 14.2 10.6 17.3 13.4 108.4  91.6  73.1  75.4  86.5 50.6 30.8 26.1 31.7 33.6 20.3 15.8 29.0  59.1 167.0 1
39.4 28.3 30.6 20.2 28.7 15.0 11.5 18.4 14.4 118.7 108.0  79.8  82.5  94.8 58.3 39.8 29.6 34.2 38.1 21.1 16.9 23.0  75.6 169.5 1
38.5 26.1 30.8 20.6 30.8 15.1 11.4 19.8 14.2 126.3 109.6  81.6  86.5 100.9 61.7 39.5 31.7 38.8 36.5 22.7 17.9 23.0  86.2 174.0 1
40.1 27.8 33.1 19.2 31.3 15.4 11.5 20.6 15.4 124.2 105.7  76.8  83.4  98.0 56.8 37.9 30.9 35.9 38.3 23.4 17.3 36.0  75.3 172.7 1
40.3 28.0 32.0 20.9 31.7 14.8 10.6 19.4 15.0 126.7 109.1  85.9  90.4 100.9 61.3 40.1 30.0 36.8 38.6 21.9 16.4 25.0  87.1 182.2 1
37.6 26.6 29.9 17.3 25.6 12.8 10.0 17.0 13.0 103.3  88.8  73.3  77.9  85.7 46.9 30.5 24.8 31.1 30.5 19.0 15.0 24.0  55.2 164.1 1
38.3 25.2 30.2 17.0 26.4 13.2 10.4 18.8 13.0 101.2  86.1  69.9  67.4  84.1 50.8 31.5 26.6 32.8 36.3 20.0 15.8 20.0  57.0 163.0 1
39.7 28.6 32.1 19.1 27.1 13.4 10.0 18.2 14.8 104.3  91.3  72.7  83.2  91.4 51.2 27.8 26.0 34.8 34.7 21.1 15.3 52.0  61.4 171.5 1
42.2 29.0 33.7 22.5 30.4 15.6 12.0 19.8 16.2 113.2 100.6  82.7  83.5  98.0 55.8 33.1 28.0 37.9 39.1 23.2 17.7 50.0  76.8 184.2 1
41.1 30.4 35.1 23.2 32.6 15.5 11.6 21.5 15.4 121.9 105.5  90.1  89.2 104.5 62.7 36.3 29.6 38.4 42.4 25.3 17.5 46.0  86.8 174.0 1
40.5 29.3 33.7 19.6 29.8 13.8 11.7 19.7 14.4 113.1  97.5  82.9  83.6  95.8 52.6 34.5 27.0 35.2 35.2 21.4 16.5 51.0  72.2 174.0 1
41.5 28.6 30.4 20.8 26.9 14.8 11.2 20.7 16.5 108.5  94.4  77.9  79.0  91.7 57.1 31.2 27.5 36.6 37.5 21.6 16.1 28.0  71.6 177.0 1
43.4 32.4 36.4 20.3 32.1 15.6 12.0 20.8 16.3 113.9  99.6  92.5  96.2 103.4 58.5 34.5 28.4 38.4 38.0 22.4 17.2 48.0  84.8 186.0 1
43.5 26.0 31.6 19.1 30.9 14.3 11.4 19.5 14.6 112.6  98.1  77.8  77.2  90.0 52.4 33.2 26.4 34.2 36.0 21.8 17.5 35.0  68.2 167.0 1
41.3 27.1 32.4 17.5 27.6 14.1 10.8 20.2 15.5 110.2  93.6  72.7  77.3  91.7 51.9 32.1 27.4 33.5 33.8 21.1 16.9 23.0  66.1 171.8 1
40.3 29.5 33.3 18.4 26.2 14.0 11.0 19.4 14.8 108.7  93.4  75.0  79.2  94.0 53.8 34.2 27.9 36.1 36.2 22.0 17.5 23.0  72.0 182.0 1
36.3 29.2 33.0 20.0 29.0 14.1 11.7 20.4 14.3 104.0  92.0  76.0  83.0  93.0 54.5 29.5 26.0 37.0 34.5 22.8 17.4 62.0  64.6 167.0 1
39.9 28.3 32.0 18.3 31.4 13.5 11.4 18.9 14.4 115.2  99.2  82.7  84.2  93.0 56.6 32.4 27.6 35.8 36.3 21.8 16.7 21.0  74.8 177.8 1
39.8 28.8 33.0 19.7 28.7 12.4 10.7 18.5 13.2 111.9  97.6  80.0  85.7  97.4 57.8 33.8 28.6 36.2 37.4 22.0 17.2 26.0  70.0 164.5 1
43.5 33.2 34.0 23.9 34.3 15.8 12.0 18.6 13.2 127.0 108.8 107.1 107.2 108.3 67.0 39.6 30.6 40.0 39.6 24.6 17.7 33.0 101.6 192.0 1
41.2 26.6 30.6 19.5 28.0 13.1 10.4 19.0 13.8 111.2  91.9  76.2  78.1  90.0 52.0 30.7 25.8 34.8 32.6 21.0 16.1 36.0  63.2 175.5 1
44.0 28.4 32.0 22.5 29.7 14.9 10.9 21.0 14.8 122.0 105.2  90.2  88.6 100.2 60.8 35.7 29.4 39.2 39.1 24.5 17.9 41.0  79.1 171.2 1
41.8 28.5 31.6 21.6 31.5 13.3 10.3 18.9 14.3 114.5  98.3  89.4  87.4  97.7 54.8 31.0 26.0 36.4 35.6 21.6 16.6 40.0  78.9 181.6 1
42.9 27.5 30.3 18.9 29.6 12.6 10.4 19.2 13.8 109.5  92.5  80.9  78.5  96.0 59.0 31.5 26.3 36.1 39.0 21.2 15.6 27.0  67.7 167.4 1
38.7 24.6 28.5 18.3 29.8 14.0 11.2 18.9 13.6 110.8  92.5  73.5  76.4  92.0 53.1 30.6 27.1 36.0 36.0 23.8 17.5 27.0  66.0 181.1 1
41.4 26.4 32.3 18.6 31.3 14.9 11.5 18.9 14.6 118.8 101.6  70.9  76.7  95.3 56.0 36.0 28.6 36.0 34.0 22.0 17.0 23.0  68.2 177.0 1
39.6 27.5 30.2 19.2 28.9 13.5 10.4 19.3 14.2 108.0  94.6  76.1  78.0  86.3 52.4 28.6 23.9 34.5 37.9 22.7 15.8 31.0  63.9 174.5 1
40.5 27.5 32.3 19.4 28.8 12.6 10.6 18.4 14.0 114.3  92.5  81.0  85.2  92.5 54.7 32.3 26.8 35.8 37.6 21.1 15.8 26.0  72.0 177.5 1
34.1 28.1 30.1 21.8 25.8 12.9  9.9 18.6 12.3 105.4  88.2  72.0  72.0  85.5 50.2 28.6 24.8 34.9 35.1 20.1 15.4 23.0  56.8 170.5 1
43.5 28.8 34.0 20.6 29.0 14.3 10.5 19.8 14.2 115.0  91.0  76.8  80.0  94.5 54.6 33.2 28.0 37.5 35.6 22.1 16.3 24.0  74.5 182.4 1
44.1 29.2 35.3 23.6 30.9 15.8 12.5 20.2 15.2 119.5 106.0  86.0  92.0 103.0 60.6 34.0 29.8 38.8 39.5 23.6 18.0 24.0  90.9 197.1 1
42.2 32.6 36.6 22.4 34.5 14.1 11.1 18.2 13.9 130.0 115.0  98.5 106.6 116.5 67.8 35.8 27.2 38.0 41.2 23.3 16.0 34.0  93.0 180.1 1
42.2 30.1 31.4 21.2 29.7 14.0 11.6 21.6 14.1 113.3 100.0  79.0  82.5  98.5 62.1 34.0 28.8 39.6 40.8 25.9 18.0 21.0  80.9 175.5 1
43.0 26.5 31.6 20.6 29.5 13.4 10.4 18.8 13.6 113.2  94.7  77.5  80.5  92.0 54.2 30.9 26.6 36.5 35.8 21.3 16.5 25.0  72.7 180.6 1
39.8 28.7 33.3 19.3 29.2 13.5 11.6 19.5 14.6 106.9  92.5  75.2  80.2  91.6 49.6 29.2 26.1 36.2 35.7 22.1 16.7 34.0  68.0 184.4 1
37.7 29.7 32.7 20.2 28.8 13.3 11.1 18.3 13.2 113.8  96.7  82.0  82.2  92.7 54.6 32.0 27.1 35.6 36.4 20.7 16.2 31.0  70.9 175.5 1
39.6 27.9 33.3 20.2 29.5 12.6 10.7 18.5 12.9 117.3  97.4  79.6  80.8  95.0 54.2 32.6 27.4 36.5 38.0 21.6 16.6 40.0  72.5 180.6 1
43.2 26.3 30.5 19.7 30.6 14.4 12.3 20.2 13.6 124.2 106.7  75.2  77.8  94.5 57.4 36.7 29.9 38.1 36.0 22.6 17.3 21.0  72.5 177.0 1
44.3 28.2 32.2 21.2 31.8 14.2 11.6 20.0 14.4 123.0 106.2  88.6  88.3 100.5 63.4 36.9 29.4 38.4 38.6 23.1 17.3 33.0  83.4 177.1 1
43.3 28.2 33.0 19.4 31.6 13.8 11.1 17.8 13.2 117.8 103.6  81.5  83.3  91.8 55.0 33.0 27.8 35.4 36.5 21.9 16.4 25.0  75.5 181.6 1
42.8 27.5 31.5 19.2 31.8 14.1 11.1 19.1 14.7 118.8  98.3  79.9  82.4  87.5 54.4 33.5 27.3 36.8 37.9 22.3 16.6 29.0  73.0 176.5 1
41.5 30.0 33.4 19.1 29.4 14.8 11.0 19.8 13.8 112.0  87.8  73.5  77.5  94.9 53.5 34.3 28.5 36.5 35.2 22.0 17.0 27.0  70.2 175.0 1
42.0 27.6 32.2 19.7 29.4 13.9 10.0 18.7 13.8 113.0  99.8  80.3  80.8  93.0 55.4 33.3 28.0 36.0 37.8 20.3 16.5 44.0  73.4 174.0 1
41.2 27.1 29.8 20.1 31.0 12.9 11.6 18.8 13.5 116.0 104.6  81.5  85.0  92.0 54.1 33.0 28.0 35.1 35.2 21.1 16.3 26.0  70.5 165.1 1
43.8 29.5 31.2 18.2 29.5 13.1 10.3 19.1 13.2 112.8  86.5  74.0  76.5  91.3 53.5 30.5 26.1 36.6 38.6 21.2 16.0 22.0  68.9 177.0 1
46.2 31.0 36.0 25.0 33.1 14.6 12.0 20.9 15.1 125.0 110.0 104.0  99.0 111.7 63.2 37.5 29.0 41.2 39.3 24.6 18.6 37.0 102.3 192.0 1
40.4 28.6 31.4 19.8 27.6 13.9 10.1 20.0 13.4 108.3  93.2  76.2  83.8  92.8 55.2 31.2 26.2 36.8 37.7 22.7 16.2 38.0  68.4 176.5 1
40.8 27.1 29.4 17.8 29.4 13.3 10.4 18.5 12.8 108.2  90.0  76.5  77.7  91.2 54.2 33.1 27.2 35.5 35.3 21.5 16.2 20.0  65.9 169.4 1
43.9 27.0 33.5 22.3 31.0 13.2 10.4 19.1 13.1 113.0  98.4  81.0  80.5  96.2 56.0 32.0 27.4 37.0 35.5 24.0 16.5 21.0  75.7 182.1 1
44.2 27.9 32.0 21.6 32.9 14.3 11.0 21.1 14.9 115.0 107.2  88.8  86.8 100.0 61.0 34.6 27.9 38.0 39.4 23.2 17.0 24.0  84.5 179.8 1
41.6 28.0 35.0 24.2 31.0 13.4 11.2 20.6 14.4 123.0 108.3  94.0  98.0 108.2 66.8 35.6 27.3 39.5 43.0 25.3 17.7 45.0  87.7 175.3 1
38.1 30.1 33.2 21.6 31.3 14.2 12.3 19.2 15.2 120.2 105.7  83.4  86.5 101.1 61.3 34.7 29.4 39.4 41.8 24.0 17.8 25.0  86.4 184.9 1
42.0 28.0 33.0 18.1 28.4 14.3 11.1 20.2 15.2 114.0  88.5  77.0  79.0  93.0 51.7 33.5 27.9 38.4 38.5 22.5 17.5 22.0  73.2 177.3 1
37.0 27.3 31.1 18.2 25.0 13.2 10.5 18.7 13.4 102.9  79.3  75.4  78.0  88.6 50.0 25.6 22.7 33.8 32.5 21.2 14.6 29.0  53.9 167.4 1
41.6 27.5 32.0 18.1 29.5 13.8 10.7 19.0 13.9 112.5  90.9  80.3  80.8  92.8 53.9 32.5 28.0 36.5 35.0 21.0 16.4 37.0  72.0 178.1 1
40.1 19.4 28.0 17.1 26.8 13.0 10.6 16.9 12.6 104.5  90.2  68.0  67.0  81.5 49.5 27.0 23.6 34.0 34.5 20.9 16.0 20.0  55.5 168.9 1
38.7 25.2 28.8 19.1 25.6 13.0 10.2 17.9 13.5 111.3  91.6  80.6  78.0  91.3 55.0 30.7 25.3 35.5 34.0 20.8 16.4 20.0  58.4 157.2 1
37.4 29.9 33.5 22.3 30.8 14.4 11.5 20.5 16.8 117.2 105.2  88.6  94.7  94.7 58.3 36.9 28.8 40.3 39.7 26.3 18.1 32.0  83.2 180.3 1
41.7 28.0 32.9 19.4 29.7 14.6 11.0 19.5 15.3 112.8  97.0  81.1  88.2  93.9 53.5 33.7 28.6 35.0 37.3 23.1 16.7 23.0  72.7 170.2 1
38.0 27.1 28.3 18.2 25.9 13.8 11.0 18.9 14.8 104.8  85.3  70.8  84.9  89.4 55.8 28.7 25.5 38.5 34.2 21.3 15.6 25.0  64.1 177.8 1
40.5 24.9 29.7 19.0 30.2 14.4 11.8 19.5 14.9 117.7  99.6  73.3  82.1  89.3 55.4 36.3 32.5 34.3 34.3 22.3 18.4 27.0  72.3 172.7 1
35.6 28.5 29.4 17.7 25.2 14.0 10.8 19.1 15.0 107.7  94.3  75.9  79.1  92.6 54.4 33.2 27.9 34.8 35.5 23.0 16.3 21.0  65.0 165.1 1
43.6 30.2 32.4 21.8 33.1 15.2 11.3 19.8 15.2 125.2 111.8  86.2  93.5  96.3 59.1 36.3 28.0 38.3 34.7 23.0 16.1 27.0  86.4 186.7 1
37.6 24.4 28.3 17.7 24.7 12.9 10.8 18.0 14.3 109.1  94.3  75.0  82.2  88.0 53.8 36.3 28.9 34.5 33.5 23.0 17.1 25.0  65.0 165.1 1
41.1 31.7 34.2 22.8 34.0 13.8 11.8 19.4 15.4 122.6 106.1 101.0  99.7 105.5 60.2 38.6 30.3 39.5 39.4 25.6 18.3 38.0  88.6 174.0 1
42.1 30.6 34.0 22.1 30.6 15.0 11.4 20.2 15.4 117.3 102.0  90.0  92.3 102.3 60.0 34.6 29.7 38.2 38.3 23.7 18.0 44.0  84.1 175.3 1
40.5 28.3 32.4 19.4 27.8 13.4 11.0 19.0 14.5 109.1  94.8  75.0  79.6  91.6 49.4 30.0 26.5 31.7 30.2 16.4 16.1 27.0  66.8 185.4 1
40.9 28.5 31.3 21.1 29.7 14.3 11.7 19.0 15.6 116.7 102.9  75.9  77.0  93.4 55.0 35.2 28.7 37.0 37.7 24.5 17.3 37.0  75.5 177.8 1
43.0 30.6 33.8 23.3 35.3 15.6 12.0 21.6 16.4 124.9 115.8  96.0  95.9 103.6 62.2 38.2 30.1 41.2 39.4 25.1 17.7 28.0  93.2 180.3 1
40.5 27.8 31.1 21.8 30.6 15.0 11.6 20.4 15.2 118.6 105.4  84.0  90.4  94.8 57.6 38.7 30.2 38.6 38.2 22.8 18.2 33.0  82.7 180.3 1
41.9 25.4 30.2 14.4 26.8 12.6  9.8 18.8 13.6 108.8  87.1  67.1  80.4  85.9 46.8 30.3 25.4 32.7 32.1 20.0 15.3 25.0  58.0 177.8 1
42.1 28.5 33.1 20.2 30.6 15.6 12.2 19.7 15.6 121.9 104.1  82.5  90.1  98.4 57.7 37.9 31.6 37.8 38.3 24.6 18.1 21.0  79.5 177.8 1
43.8 29.2 32.6 18.7 30.4 14.6 11.7 20.0 15.2 117.3  95.8  83.7  84.2  98.4 56.2 33.7 28.0 38.0 39.6 25.8 17.6 30.0  78.6 177.8 1
42.1 28.5 31.7 19.4 28.0 14.0 11.3 19.0 14.4 115.0  98.6  76.7  85.8  93.3 56.0 35.7 27.6 34.7 34.6 20.6 16.0 26.0  71.8 177.8 1
43.4 32.0 36.2 23.5 35.6 16.1 12.6 23.0 16.3 134.8 118.7 105.2 105.0 115.5 69.9 39.4 32.1 42.2 47.7 27.0 19.2 27.0 116.4 177.8 1
38.7 26.8 31.5 21.4 27.8 13.8 10.8 18.2 13.3 113.8 100.9  90.6  93.3  97.7 58.0 34.8 28.0 34.1 35.8 22.2 16.3 33.0  72.2 163.8 1
39.6 28.7 32.4 18.2 28.3 15.2 11.8 19.6 14.8 119.4  98.5  85.7  92.9  98.6 55.5 35.3 28.7 39.3 35.9 23.0 17.4 29.0  83.6 188.0 1
43.4 30.6 32.9 21.6 28.3 15.0 12.0 20.5 17.2 117.9  96.9  82.5  90.8  94.9 54.4 32.8 28.7 39.2 37.0 27.5 17.9 27.0  85.5 198.1 1
40.5 29.7 31.7 22.1 32.6 15.2 11.3 21.2 15.2 127.3 110.7  94.7  92.0 101.3 60.1 37.2 30.9 40.5 40.0 24.2 17.6 34.0  90.9 175.3 1
40.3 30.4 34.2 21.1 34.0 13.6 12.0 19.2 13.8 118.8 108.0 105.2 103.4 108.1 60.5 38.0 30.2 36.9 37.7 21.6 18.3 42.0  85.9 166.4 1
44.2 30.6 33.8 22.1 32.4 15.3 11.5 20.9 16.5 122.4 109.0  86.0  90.2  98.0 59.5 40.0 31.2 38.3 39.0 25.8 19.5 29.0  89.1 190.5 1
41.3 26.8 32.2 21.4 31.1 13.6 11.0 19.1 15.0 111.5 104.2  90.9  92.7 100.2 51.8 30.1 26.8 38.1 36.4 23.2 16.3 41.0  75.0 166.4 1
39.8 25.6 31.3 23.5 32.0 14.0 11.2 21.2 16.4 113.2 100.5  92.4  92.4  97.0 50.9 32.9 29.0 37.7 37.7 23.4 17.0 43.0  77.7 177.8 1
41.3 29.0 32.2 25.2 30.8 14.4 11.0 19.7 15.8 115.3 105.7  96.5  98.2  97.4 54.3 31.9 28.5 37.7 39.3 24.5 17.1 43.0  86.4 179.7 1
38.9 27.5 32.9 22.5 33.3 14.6 11.0 20.5 15.3 122.5 112.4  98.4 101.5 107.9 67.4 39.2 30.5 42.6 40.7 25.3 17.5 29.0  90.9 172.7 1
41.1 25.6 29.9 23.3 25.2 14.1 10.7 19.0 15.1 114.4  96.2  76.7  83.5  93.9 50.4 32.1 27.7 36.1 32.9 23.2 17.0 27.0  73.6 190.5 1
41.5 30.6 35.8 21.1 28.0 15.0 11.8 21.0 15.6 112.8  97.5  94.8  98.2  98.6 48.3 31.1 27.0 37.7 36.8 24.6 18.4 62.0  76.4 185.4 1
38.5 27.8 31.7 19.7 26.4 13.1 11.0 18.4 14.8 112.2  90.9  80.1  79.8  91.3 56.2 32.9 27.2 36.2 33.0 23.0 16.8 33.0  69.1 168.9 1
39.4 29.7 33.1 23.0 30.4 14.2 11.6 20.4 15.0 119.4 108.4  97.4 103.7 105.3 55.6 36.6 28.4 38.2 36.6 22.9 18.1 45.0  84.5 167.6 1
40.9 26.1 27.5 20.2 28.0 13.2 10.4 18.6 14.8 108.4  94.3  73.7  74.5  88.2 52.3 29.6 26.2 35.2 36.2 21.2 16.2 30.0  64.5 175.3 1
41.1 23.0 29.4 21.8 30.6 15.0 10.8 19.3 14.5 122.4 109.1  76.1  90.1  93.3 51.7 37.0 30.6 36.8 37.7 23.6 18.5 20.0  69.1 170.2 1
43.6 28.0 32.4 27.5 33.5 14.6 11.7 21.4 15.1 128.8 115.0  95.6 101.9 107.9 64.6 37.1 30.0 41.8 39.6 24.7 18.2 22.0 108.6 190.5 1
39.8 29.0 34.9 22.5 28.3 14.3 11.7 19.8 15.4 118.0 104.4 101.0  98.9 103.3 54.4 38.1 29.8 39.7 41.8 25.0 19.6 51.0  86.4 177.8 1
42.1 27.8 31.7 20.2 28.7 14.3 11.5 19.6 15.6 116.5 100.1  84.5  84.5  94.4 54.7 33.9 28.6 38.5 37.6 25.0 17.7 34.0  80.9 190.5 1
41.1 27.1 33.8 24.9 29.4 14.4 12.4 18.0 15.1 120.4 108.4  98.0 101.8 101.5 56.9 38.2 29.9 37.7 39.2 24.9 17.6 44.0  87.7 177.8 1
44.2 30.4 36.5 21.6 31.5 15.4 11.6 20.4 15.4 123.1 107.3 101.6 103.8 110.0 57.8 34.9 28.9 40.3 40.0 23.7 18.1 46.0  94.5 184.2 1
38.9 26.8 31.5 20.4 29.0 13.6 10.8 18.9 15.2 117.2 101.8  87.8  90.2  98.4 55.6 33.1 28.4 38.2 37.7 24.5 17.1 34.0  80.2 176.5 1
40.1 28.7 32.2 18.0 29.4 15.2 11.8 20.7 15.4 113.0  94.5  80.0  85.0  95.0 52.0 31.5 26.5 36.9 36.4 22.9 17.0 32.0  72.0 177.8 1
38.7 26.8 31.5 18.0 27.8 12.9 10.4 18.0 14.3 109.4  91.7  81.8  82.9  98.3 56.3 31.0 25.7 35.0 33.0 22.0 15.5 28.0  71.4 180.3 1
35.6 26.4 30.8 19.2 29.4 14.6 11.5 19.6 15.3 105.7  95.9  84.4  86.8  99.0 55.0 30.5 26.4 36.1 38.4 21.3 16.4 31.0  72.7 171.4 1
40.5 26.8 30.6 21.4 32.4 15.0 11.8 20.4 15.8 119.7 110.5  85.0  83.5  95.7 59.0 39.2 29.9 37.9 37.7 23.8 17.1 29.0  84.1 172.7 1
41.1 25.4 32.0 21.6 28.7 14.3 12.4 19.6 14.3 118.0 104.0  90.0  86.0  96.0 52.5 33.5 29.1 36.0 36.9 23.0 18.0 42.0  76.8 172.7 1
38.7 26.1 29.2 18.2 24.9 13.6 10.4 17.6 14.2 104.3  86.8  72.9  73.4  89.5 51.0 29.8 24.8 32.6 33.1 22.1 16.3 29.0  63.6 177.8 1
38.9 27.1 30.4 20.4 28.7 14.8 11.7 19.4 14.6 114.1 106.7  81.0  80.2  93.7 54.8 35.5 30.6 36.9 37.3 22.7 16.8 31.0  80.9 177.8 1
39.4 29.7 33.1 22.3 31.5 15.6 12.0 19.5 14.8 119.0 102.5  86.5  89.0  97.0 57.0 34.0 28.4 38.0 37.0 22.5 17.4 30.0  80.9 182.9 1
37.6 27.8 32.2 20.2 31.3 14.6 11.0 21.5 15.8 113.8 103.0  93.9  98.6 103.6 60.5 34.4 28.5 40.9 40.8 24.6 17.1 27.0  85.5 170.2 1
39.8 25.9 31.3 19.4 29.2 14.3 11.2 18.7 14.3 118.0  95.0  77.0  78.0  93.0 52.0 32.6 28.4 34.4 34.4 20.0 16.5 25.0  68.6 167.6 1
40.3 27.3 30.4 20.4 29.0 15.0 11.3 19.1 14.6 116.0  99.0  75.0  75.0  90.0 50.6 32.0 27.3 33.8 34.0 22.0 17.0 24.0  67.7 175.3 1
40.3 25.2 29.2 18.7 28.5 13.2 10.2 18.9 14.3 108.3  89.7  80.6  80.8  90.0 55.5 28.9 25.0 34.6 37.4 23.0 16.4 33.0  66.4 165.1 1
43.8 30.4 34.9 24.0 33.3 15.4 11.6 17.8 14.6 129.2 111.5 100.5 107.3 109.5 61.8 37.4 31.6 41.0 39.7 25.4 18.4 45.0 102.3 185.4 1
41.1 27.8 32.9 18.0 26.8 14.6 11.2 19.5 15.8 109.2  94.1  81.2  84.0  91.6 51.5 33.0 27.0 35.2 35.5 23.1 16.3 37.0  70.5 181.6 1
41.7 30.6 34.7 24.9 32.0 14.9 10.8 18.9 14.1 124.3 118.3 103.4 106.2 108.5 60.5 35.4 29.7 42.3 40.8 24.8 17.1 44.0  95.9 172.7 1
45.4 30.8 35.6 20.9 29.7 15.2 10.8 18.6 15.0 122.6 106.5  90.3 101.1 101.6 57.2 35.4 28.6 40.4 37.8 24.9 17.9 34.0  84.1 190.5 1
43.0 30.8 34.7 22.1 32.2 16.0 13.2 19.5 16.1 122.4 110.4  98.0  98.0  99.6 56.7 36.4 29.2 40.9 42.1 26.1 19.5 55.0  87.3 179.1 1
41.1 25.4 30.4 19.2 29.9 14.8 10.6 18.7 15.2 114.9 102.3  86.5  87.7  91.9 55.0 35.0 28.9 38.3 37.8 24.0 17.3 43.0  71.8 175.3 1
41.1 29.2 31.5 19.7 29.9 14.8 11.0 18.0 15.0 111.1  98.5  77.9  87.3  90.8 50.8 35.0 28.4 35.5 35.0 21.0 16.6 24.0  65.9 170.2 1
45.2 32.2 36.0 22.5 33.5 15.8 11.3 20.5 14.8 126.0 111.6  89.1  95.1 104.8 62.7 37.9 31.2 41.1 41.2 27.7 18.1 22.0  95.9 193.0 1
39.8 34.7 34.7 23.5 30.2 14.8 10.6 20.6 14.3 115.5 106.7  93.9 111.8 111.4 62.8 36.2 29.7 42.8 39.3 23.5 16.8 38.0  91.4 171.4 1
39.6 28.7 32.0 20.2 32.9 14.3 11.5 19.6 15.1 124.7 110.4  85.3  82.9  96.5 57.0 39.0 29.8 36.8 36.0 21.6 17.3 24.0  81.8 177.8 1
42.3 30.2 34.4 25.4 32.2 15.2 10.7 18.8 14.8 125.3 114.0  98.5 103.8 108.1 61.3 37.2 31.4 41.9 42.1 26.4 17.9 29.0  96.8 177.8 1
40.9 29.0 32.2 20.2 29.2 13.8 10.4 18.4 14.4 118.2 101.8  79.5  90.1  95.3 54.8 34.2 28.5 36.6 36.2 22.8 17.3 25.0  69.1 167.6 1
39.8 28.0 34.2 23.3 31.5 14.0 11.0 19.7 13.8 124.3 109.6  94.9  94.7 104.3 59.0 35.9 27.8 37.7 36.8 23.2 16.5 37.0  82.7 167.6 1
42.3 27.1 31.7 17.3 29.4 14.4 11.6 21.2 15.8 118.3 100.7  76.5  87.2  96.3 54.2 33.8 27.7 36.4 38.2 23.8 18.2 30.0  75.5 180.3 1
42.3 26.8 32.0 25.4 28.7 15.0 11.2 18.4 14.4 122.3 104.3  88.4  89.6  98.8 54.8 35.5 29.7 37.7 37.0 23.7 18.3 26.0  79.5 182.9 1
40.5 28.7 30.4 22.1 29.2 14.3 11.2 18.5 14.5 116.5 104.2  84.2  84.0  93.2 55.0 33.0 25.4 35.6 36.4 22.8 15.9 35.0  73.6 176.5 1
42.7 28.5 36.7 23.7 30.8 15.8 12.9 19.3 16.0 123.0 107.4  87.6  89.4 106.7 60.9 38.3 31.2 39.0 42.6 25.8 18.8 29.0  91.8 186.7 1
43.6 30.8 33.3 20.4 29.7 14.3 10.9 19.6 15.4 117.6 101.0  83.7  91.1  99.9 56.8 33.5 27.7 38.7 41.8 29.3 18.0 30.0  84.1 188.0 1
42.5 31.3 33.1 19.4 32.0 14.8 11.3 20.1 15.5 117.5 103.0  92.1  91.3 103.8 56.6 33.3 27.7 37.1 37.4 22.6 17.1 37.0  85.9 188.0 1
41.3 30.8 33.3 22.5 28.3 13.0 10.5 19.7 13.4 117.3 107.2  89.9  94.7 107.1 59.2 35.3 26.9 36.6 32.3 22.0 17.1 34.0  81.8 177.8 1
41.3 24.7 35.4 22.5 30.2 14.8 11.3 20.4 16.0 114.5  99.0  88.7  91.0 100.0 57.5 34.0 28.3 40.9 38.8 26.4 18.1 28.0  82.5 174.0 1
42.3 26.6 33.3 23.3 28.7 14.2 11.1 19.5 14.3 122.9 100.3  83.9  89.4 103.9 59.8 36.1 29.4 37.0 36.5 24.3 18.7 27.0  80.5 177.8 1
36.9 25.9 31.7 19.9 27.3 14.8 10.6 19.4 14.3 115.5 100.2  79.5  88.7  95.3 52.5 34.6 25.8 35.6 35.1 21.8 16.3 32.0  70.0 171.4 1
40.3 28.5 35.1 19.2 32.0 14.8 12.0 21.2 16.2 116.1  99.8  84.5  92.6  99.5 59.2 34.3 29.0 36.5 38.5 24.5 17.3 28.0  81.8 185.4 1
40.1 26.4 32.0 21.4 32.6 14.8 12.0 20.0 15.2 121.6 107.5  89.2  88.4 107.0 56.9 35.6 28.5 37.0 37.6 23.0 17.5 22.0  84.1 185.4 1
43.2 31.3 34.0 23.0 32.6 15.7 11.5 20.5 15.2 131.6 110.1  90.7  91.9 101.7 58.0 36.8 29.0 36.9 38.9 24.2 17.9 44.0  90.5 188.0 1
45.0 29.0 33.3 25.4 30.8 15.4 11.0 18.8 15.0 124.5 107.0  88.8  97.5 103.8 61.0 36.7 28.6 38.4 39.5 24.4 16.8 25.0  91.4 188.0 1
42.1 29.7 35.6 23.5 31.3 14.3 11.0 18.2 14.8 115.6 105.6 103.6 100.7 100.6 55.3 33.6 26.9 37.8 37.9 23.9 17.1 49.0  89.1 182.9 1
40.9 28.7 33.5 23.7 30.2 15.8 11.6 19.3 16.8 117.0 103.6  98.5  99.9 103.6 57.5 33.7 29.0 38.7 36.7 24.3 17.7 54.0  85.0 176.5 1
41.3 27.3 32.2 20.2 28.3 13.8 11.4 18.0 13.0 108.6  97.1  82.9  88.1  91.2 51.7 30.7 25.7 33.9 33.4 21.2 16.7 49.0  69.1 175.3 1
42.1 29.7 32.9 24.9 30.8 15.3 11.5 19.2 14.6 120.2 109.8  90.5  92.3  95.2 52.4 35.8 28.7 32.5 36.5 23.7 17.5 60.0  73.6 175.3 1
45.2 29.7 33.8 19.9 32.0 15.5 11.8 19.6 16.1 116.2 103.3  84.5  94.5  98.2 53.7 32.5 27.8 36.0 36.3 22.0 17.7 42.0  80.5 188.0 1
42.1 31.1 34.9 22.1 31.3 15.2 11.0 19.0 14.4 115.4 103.7  86.0  93.8  97.1 53.1 33.9 27.3 35.7 36.6 22.6 17.5 52.0  82.7 188.0 1
41.2 29.8 32.2 22.4 29.8 15.6 11.2 19.6 14.8 120.0 108.5  84.2  88.9  97.5 58.8 36.6 29.9 34.2 34.8 22.0 18.1 23.0  86.4 175.3 1
41.7 29.2 33.8 19.2 29.7 13.8 10.7 18.6 14.2 110.3  97.8  85.7  89.5  94.9 51.7 32.2 26.4 34.4 32.6 22.0 16.4 33.0  67.7 170.5 1
43.0 29.4 33.8 24.7 31.5 14.2 11.2 19.4 14.2 119.7 112.7 112.1 105.9 106.3 56.9 35.7 27.8 37.3 36.6 22.7 16.4 46.0  92.7 179.1 1
41.7 28.5 33.8 23.5 32.9 15.6 12.0 18.4 16.3 123.5 111.4  99.7 102.9 105.8 57.8 36.5 30.5 39.0 41.2 25.7 18.8 43.0  93.6 177.8 1
38.0 29.7 34.0 22.8 27.3 13.1 10.8 17.3 15.5 107.8  95.1  84.7  92.9  96.7 54.6 32.8 25.3 36.6 35.0 23.5 17.1 56.0  70.9 175.3 1
41.9 27.8 33.3 19.0 28.7 15.1 11.3 19.2 14.9 118.7 100.2  80.3  92.4  96.4 53.8 35.7 29.2 38.4 37.0 25.6 17.9 21.0  75.0 182.9 1
40.7 28.0 35.3 19.4 31.7 14.4 10.7 18.6 14.4 120.7 106.3  98.6 111.7 118.7 70.0 37.1 27.8 37.5 39.2 25.7 15.9 18.0  93.2 170.8 1
41.3 29.7 34.7 22.8 32.0 15.5 11.2 18.4 15.6 118.7 109.5  90.0  96.2 104.3 63.5 39.4 29.9 37.4 37.3 24.3 17.2 21.0  93.2 188.0 1
40.9 28.7 32.9 21.6 30.6 15.0 11.0 18.7 13.8 118.0 106.3  86.6  93.9  95.9 53.6 34.4 28.6 35.0 34.1 21.7 17.1 45.0  77.7 180.3 1
41.7 26.8 32.0 19.7 27.8 14.0 10.5 18.4 14.6 105.0  91.5  80.2  85.7  89.2 48.5 28.7 25.0 35.4 32.3 23.0 16.2 22.0  61.4 177.8 1
41.3 31.1 34.9 26.4 30.2 15.0 11.6 18.8 15.8 110.6 104.9 109.2 104.4 101.7 56.4 34.0 29.2 39.3 38.5 24.3 17.4 55.0  94.1 185.4 1
41.1 27.8 32.0 21.1 30.6 14.8 11.4 17.6 14.2 123.1 109.6  88.4  92.0  95.1 52.5 39.4 29.8 34.5 34.0 22.0 17.0 42.0  75.0 168.9 1
43.4 27.3 34.7 19.9 31.3 14.0 11.2 20.2 14.3 121.0 102.5  81.0  84.5 105.0 56.0 31.5 26.5 38.5 36.9 21.3 16.6 29.0  83.6 185.4 1
40.7 27.8 34.0 21.1 29.4 15.6 12.0 21.2 16.4 111.7 101.2  88.8  90.8 101.3 62.5 35.2 28.9 40.6 39.2 23.0 17.5 40.0  85.5 180.3 1
42.5 25.2 30.6 20.9 30.4 15.3 11.4 18.9 13.8 111.0  98.7  78.1  78.6  92.0 56.5 35.7 29.2 36.4 37.0 22.0 17.2 24.0  73.9 174.0 1
40.3 28.3 30.6 18.2 29.2 12.9 10.6 20.2 14.2 112.0  96.0  81.5  80.5  89.5 52.0 30.3 25.0 36.0 35.0 22.4 16.7 62.0  66.8 167.6 1
39.8 27.8 32.9 22.3 29.7 16.6 11.8 20.8 15.3 115.9 104.2  87.6  89.6 100.5 60.7 36.5 31.1 40.7 38.4 22.9 17.9 26.0  87.3 182.9 1
39.8 28.3 30.4 19.7 30.2 12.9 11.0 18.6 12.7 121.0 103.0  92.5  88.5  94.0 55.0 36.0 28.0 36.5 37.0 21.8 17.5 35.0  72.3 160.0 1
40.5 29.9 34.9 21.4 32.9 14.5 11.7 20.4 15.0 123.6 107.0  97.0  95.5 104.5 56.6 34.4 28.9 40.0 38.5 24.0 17.0 37.0  88.6 180.3 1
41.1 26.8 32.4 20.2 31.1 14.4 11.8 20.4 15.2 120.0 101.0  82.0  82.0  98.0 59.0 35.4 29.0 38.0 42.0 23.6 17.5 34.0  75.5 167.6 1
42.5 29.4 34.2 23.5 34.7 15.1 11.8 21.8 15.8 128.7 112.1  99.5  97.8 107.4 60.5 35.5 28.8 42.9 38.7 25.7 17.1 25.0 101.4 186.7 1
42.5 29.4 34.4 19.9 34.0 14.5 11.0 21.3 14.4 124.5 103.4  93.8  92.7 112.2 66.2 34.8 30.1 45.7 43.6 26.9 17.0 30.0  91.1 175.3 1
38.5 24.4 30.4 18.0 29.9 14.3 10.1 18.3 13.2 112.4 100.3  79.1  80.4  94.3 51.0 32.6 27.2 36.1 32.7 22.5 17.9 32.0  67.3 175.3 1
43.8 29.2 35.6 19.9 28.3 14.8 12.8 20.7 14.3 112.2  95.7  85.8  94.7 106.8 60.6 33.6 27.3 37.5 41.8 26.2 17.8 27.0  77.7 175.9 1
41.5 29.0 33.3 21.4 32.4 15.3 11.0 20.6 15.0 127.0 108.0  90.8  92.4 100.3 56.5 36.8 29.3 37.5 36.3 23.4 16.7 42.0  81.8 175.3 1
40.3 27.8 33.5 20.6 29.9 15.3 11.2 20.4 13.8 115.3 101.0  85.4  86.9 101.8 57.0 34.0 27.1 39.4 37.1 23.7 16.6 44.0  75.5 179.1 1
40.3 30.2 32.2 20.6 29.2 14.5 11.5 20.0 16.9 111.5  98.6  91.6 102.1 106.7 57.8 32.3 27.9 41.8 41.5 27.7 18.1 46.0  84.5 181.6 1
42.1 27.1 32.2 20.2 30.6 13.7 10.8 18.9 14.3 118.3 101.6  79.7  82.0  98.4 58.1 36.5 31.0 38.0 38.1 25.3 17.7 19.0  76.6 177.8 1
42.1 31.3 35.1 20.6 31.1 16.7 12.0 21.0 15.1 118.0  99.0  86.1  90.8 101.3 56.0 33.5 28.3 37.7 38.3 25.2 17.4 43.0  85.0 182.9 1
38.9 29.4 33.3 24.2 33.5 14.2 12.8 20.6 15.5 127.0 116.7 113.2 102.9 107.9 57.7 37.4 28.9 37.8 37.4 24.1 17.1 28.0 102.5 177.8 1
44.4 24.0 30.2 20.6 32.0 14.2 11.2 20.2 14.5 124.4 105.0  79.5  85.8  92.7 51.8 36.2 27.0 33.9 28.9 20.3 15.8 39.0  77.3 184.2 1
40.9 24.4 28.7 18.7 29.0 14.3 11.4 17.8 14.6 112.4  95.1  85.4  84.1  94.3 52.7 31.2 25.9 37.4 34.4 24.5 17.1 30.0  71.8 179.1 1
42.1 28.7 33.5 25.2 29.4 14.3 11.5 18.0 13.8 125.8 106.7  97.9  94.7 104.6 60.8 36.2 28.7 37.7 39.4 22.6 17.5 36.0  87.9 176.5 1
43.0 27.1 33.5 25.2 31.5 15.2 11.8 19.3 15.1 131.7 116.6  94.7  93.1 103.3 58.0 42.3 31.9 39.9 39.6 25.5 18.9 48.0  94.3 188.0 1
38.0 27.1 32.2 20.6 28.0 13.9 10.3 19.1 14.0 117.3 103.5  86.1  90.5  96.7 55.2 34.5 27.7 37.3 34.8 22.5 16.4 48.0  70.9 174.0 1
37.1 24.2 30.6 17.7 27.8 13.8 11.0 17.8 14.6 107.6  90.4  84.9  83.7  97.9 51.8 28.0 25.2 37.5 36.0 21.3 15.1 53.0  64.5 167.6 1
41.1 24.0 29.4 21.6 30.8 13.6 11.7 18.8 14.6 122.4 107.5  92.2  88.6  97.5 53.7 34.3 27.6 36.0 37.5 23.3 16.7 45.0  77.3 170.2 1
40.9 24.4 30.6 19.7 29.9 13.8 11.5 19.0 15.1 117.0 100.8  83.7  82.5  97.7 53.3 32.5 27.1 35.4 37.0 22.7 16.6 39.0  72.3 167.6 1
38.9 27.1 31.7 21.6 29.7 15.0 12.2 20.5 15.2 119.0 104.2  97.8  93.6 102.5 58.0 35.8 29.4 39.0 38.1 23.0 17.0 43.0  87.3 188.0 1
40.9 28.3 34.0 23.7 28.5 14.3 12.0 19.0 14.3 123.5 104.9  98.6  99.2 103.3 55.3 35.0 29.3 35.9 36.0 23.5 18.1 65.0  80.0 174.0 1
39.2 26.8 34.0 23.7 30.8 14.2 11.2 19.1 14.5 121.4 112.8  89.5  96.9 100.9 54.9 38.5 28.7 35.9 33.6 22.1 17.1 45.0  82.3 176.5 1
41.7 26.6 31.5 19.9 29.9 14.6 11.2 19.2 14.8 112.3  95.7  82.9  89.6  94.8 51.9 32.2 25.3 33.4 32.8 21.4 16.3 37.0  73.6 180.3 1
39.4 26.6 31.7 24.0 31.1 13.8 11.8 20.0 15.8 113.2 104.9  90.1  90.8  96.6 55.0 32.9 26.5 35.6 37.9 22.5 17.8 55.0  74.1 167.6 1
40.1 26.4 32.0 21.8 30.2 15.8 12.4 20.7 15.8 121.7 109.1  78.9  91.0  98.1 55.7 38.5 30.1 37.2 36.8 23.4 19.6 33.0  85.9 188.0 1
38.9 25.6 32.9 21.1 29.0 15.6 10.6 20.2 14.8 116.6 105.4  80.7  87.4  95.5 56.8 38.3 28.6 35.0 34.3 23.3 17.3 25.0  73.2 180.3 1
38.9 26.4 31.7 21.6 27.8 14.4 11.3 19.6 14.8 117.8 104.3  94.3  99.4 100.4 59.1 35.0 26.7 35.5 35.9 22.6 17.3 35.0  76.3 167.6 1
41.7 26.4 31.1 20.2 28.3 14.6 10.2 18.4 15.3 118.0 100.5  70.2  79.3  92.0 51.7 32.1 26.7 33.2 34.9 23.7 18.4 28.0  65.9 183.0 1
43.2 26.8 32.6 22.1 32.9 15.4 12.0 20.5 16.8 131.1 111.8  83.6  92.7 101.5 59.5 40.4 31.7 36.7 38.3 25.5 19.4 26.0  90.9 183.0 1
40.5 29.2 33.5 23.7 31.1 15.2 11.3 20.0 16.1 121.4 109.5  91.9  96.5 103.3 57.7 36.5 29.1 34.6 38.8 25.1 18.9 43.0  89.1 179.1 1
39.2 23.5 29.9 19.7 29.0 15.4 11.5 19.0 14.8 116.3 101.2  71.8  82.3  87.6 50.1 34.2 29.2 34.1 33.4 23.1 18.3 30.0  62.3 170.2 1
40.9 25.4 32.0 20.6 30.2 16.1 11.5 19.3 15.8 121.8 103.3  85.0  90.8  97.9 55.2 35.2 29.4 34.9 37.3 23.5 17.3 26.0  82.7 177.8 1
41.7 27.3 31.5 21.8 29.7 14.9 11.8 18.9 13.6 118.2 101.6  85.7  91.0  95.9 50.9 34.0 28.4 35.0 34.3 21.1 16.3 51.0  79.1 179.1 1
43.8 32.2 38.0 25.4 32.0 16.0 10.7 21.0 16.8 126.3 103.1  96.5  99.0 111.8 62.3 34.8 27.5 41.7 37.0 24.3 16.7 30.0  98.2 190.5 1
41.9 28.0 33.1 26.4 29.9 15.6 11.5 21.2 15.9 121.0 104.6  82.4  85.7  99.9 63.3 38.6 32.0 38.4 39.8 25.4 18.1 24.0  84.1 177.8 1
43.0 27.8 34.2 21.4 31.5 14.3 11.1 21.0 14.8 123.1 104.3  86.3  87.8 103.3 59.7 36.4 30.4 39.3 42.0 27.7 18.4 35.0  83.2 180.3 1
41.5 28.5 33.5 19.7 29.4 14.5 10.5 19.4 15.3 114.9  95.9  83.2  88.0 100.6 57.8 34.0 28.2 36.3 39.6 25.2 17.0 37.0  83.2 180.3 1
37.6 25.0 31.3 16.2 24.9 11.2  9.2 17.0 12.3  95.0  83.0  66.5  79.0  92.0 53.5 24.3 20.5 32.0 32.2 21.0 13.5 22.0  51.6 161.2 0
36.7 26.4 31.0 16.8 24.5 12.1  9.9 19.3 12.8  99.5  78.5  61.5  70.5  90.5 57.7 27.8 24.0 38.5 38.5 22.5 15.0 20.0  59.0 167.5 0
34.8 25.9 30.2 16.4 24.2 11.3  8.9 17.0 12.2  88.0  75.0  61.2  66.5  91.0 53.0 24.0 22.0 32.5 32.5 19.0 14.0 19.0  49.2 159.5 0
36.6 27.9 31.8 19.3 24.9 12.3  9.5 18.6 13.0  97.0  86.5  78.0  91.0  99.5 61.5 28.0 24.0 35.2 36.7 23.0 15.0 25.0  63.0 157.0 0
35.5 28.2 31.0 18.2 26.2 11.5  9.1 17.2 12.4 103.3  91.0  70.5  80.5  91.5 55.0 26.9 22.7 33.0 33.3 19.9 14.5 21.0  53.6 155.8 0
37.0 28.0 32.0 15.1 25.7 12.5 10.0 17.2 13.2  93.5  79.5  66.5  78.5  94.0 54.0 26.5 22.5 34.0 35.0 23.0 14.5 23.0  59.0 170.0 0
35.5 26.5 29.2 15.4 24.5 12.3  9.4 17.2 12.0  93.3  77.0  58.0  64.0  85.5 49.5 24.1 22.0 32.5 32.0 19.0 13.9 26.0  47.6 159.1 0
37.4 30.2 33.2 18.8 26.6 13.3 10.7 19.8 13.8  94.5  88.0  74.5  87.0 104.0 64.0 29.2 26.2 38.5 38.0 22.0 16.8 22.0  69.8 166.0 0
37.8 29.0 32.6 18.6 25.0 12.1  9.8 17.8 12.7  98.6  85.0  73.5  92.0 104.1 65.3 29.0 23.4 35.3 37.4 21.6 15.2 28.0  66.8 176.2 0
38.6 28.8 33.2 19.7 29.4 13.4 11.5 20.9 13.2 115.5  98.8  90.5 103.5 108.1 61.1 33.6 26.6 37.2 35.8 22.6 16.3 40.0  75.2 160.2 0
37.6 28.5 32.2 15.5 24.3 11.8  8.6 17.1 11.9  97.9  79.0  66.5  74.0  90.3 52.0 24.8 21.0 32.2 32.5 19.9 13.8 32.0  55.2 172.5 0
36.0 25.6 31.5 15.4 25.5 12.8  9.7 17.6 13.2  97.7  77.6  61.0  71.8  91.6 53.0 25.4 22.6 34.0 34.5 20.5 15.3 25.0  54.2 170.9 0
39.5 30.0 31.7 17.3 27.3 12.8  9.2 18.1 12.4 100.5  85.0  69.5  81.5  94.4 55.8 25.9 22.9 36.1 35.3 20.9 14.4 25.0  62.5 172.9 0
34.0 25.0 27.0 16.9 22.6 10.6  8.3 15.9 11.6  88.7  76.7  62.0  74.1  80.9 48.8 24.0 20.5 30.8 30.4 17.9 13.2 29.0  42.0 153.4 0
35.0 26.5 31.6 18.3 23.7 11.5  8.6 16.8 12.2  96.6  76.7  63.4  69.0  87.7 54.0 25.6 21.6 34.4 32.8 19.1 13.8 22.0  50.0 160.0 0
35.6 25.8 32.0 16.2 25.7 11.5  9.0 17.2 11.8  92.0  82.0  71.0  69.0  88.5 54.5 26.0 21.8 33.5 35.0 21.0 14.0 25.0  49.8 147.2 0
36.2 27.4 29.5 14.6 23.9 11.2  9.6 16.7 12.6  90.0  79.0  59.0  79.0  88.5 51.2 23.5 21.0 32.5 29.6 18.5 14.5 23.0  49.2 168.2 0
39.0 28.4 34.9 19.6 26.7 13.4 11.0 18.9 13.6 104.0  89.5  74.0  92.0 101.0 61.5 31.0 26.5 38.6 38.6 23.8 17.0 37.0  73.2 175.0 0
32.6 25.6 30.0 15.3 22.6 10.3  8.1 16.2 11.6  90.1  73.5  60.5  68.3  88.5 54.0 24.6 20.6 29.0 33.0 19.0 13.2 19.0  47.8 157.0 0
37.6 30.0 33.9 19.1 28.8 13.4 10.5 19.2 13.2 104.0  90.0  75.0  80.5  99.0 59.0 28.7 24.9 37.0 36.5 20.6 15.9 23.0  68.8 167.6 0
36.3 27.5 31.0 15.4 24.0 11.1  9.4 16.4 12.3  91.0  80.0  65.0  78.3  91.0 53.5 27.0 23.0 32.0 31.5 22.0 13.8 25.0  50.6 159.5 0
38.0 29.6 32.7 21.3 28.7 13.7 10.6 21.5 14.4 111.4  94.5  82.2  94.2 110.2 69.0 32.5 26.8 40.5 38.6 23.0 16.6 26.0  82.5 175.0 0
37.0 27.9 30.8 15.1 26.8 13.2  8.9 18.1 12.3  96.2  83.8  70.2  82.5  94.2 54.1 25.9 23.2 34.3 30.9 19.4 14.5 24.0  57.2 166.8 0
42.6 31.8 34.8 19.9 30.4 12.5 11.0 21.0 14.2 117.1  95.2  85.0  91.2 111.0 68.0 34.4 28.3 40.1 40.0 24.2 17.6 29.0  87.8 176.5 0
37.5 29.2 35.1 19.6 27.5 13.1 10.2 20.0 13.1 101.5  91.0  75.0  85.0 103.0 62.0 31.5 26.5 38.2 40.0 23.0 16.0 22.0  72.8 170.2 0
36.1 28.2 32.3 15.8 25.0 12.0 10.2 18.4 12.9  95.1  80.0  63.0  76.5  90.0 51.1 24.6 22.3 35.2 33.7 20.9 15.2 30.0  54.5 174.0 0
39.1 27.5 34.0 17.2 25.6 12.6 10.0 18.0 12.7  97.1  81.7  70.0  81.5  96.0 57.9 26.3 22.6 37.2 36.0 21.0 15.0 23.0  59.8 173.0 0
39.6 28.6 31.2 18.0 27.2 12.4 10.1 19.3 13.8 101.4  89.6  72.6  86.3  93.7 56.4 27.4 23.4 37.0 38.4 21.3 15.6 38.0  67.3 179.9 0
40.5 29.6 34.9 17.4 27.5 12.6 10.4 18.8 13.1 103.7  90.9  78.7  83.5 101.5 59.9 29.5 25.3 35.4 36.7 21.3 15.6 23.0  67.8 170.5 0
35.0 26.0 29.8 16.1 22.3 12.4  9.5 17.2 12.3  89.2  78.5  61.0  73.0  82.5 49.5 24.5 22.5 32.5 33.0 20.5 14.5 19.0  47.0 160.0 0
34.5 26.4 30.1 18.6 23.5 11.3  8.9 17.2 12.3  86.0  78.0  64.2  69.8  89.0 53.0 23.2 21.2 33.0 31.5 20.5 14.0 46.0  46.2 154.4 0
35.6 27.9 32.0 15.6 23.9 11.9  9.6 18.2 12.7  98.1  80.2  63.1  78.9  93.9 57.1 26.4 23.1 35.0 35.0 20.1 14.9 20.0  55.0 162.0 0
39.1 29.7 33.7 20.1 29.5 13.2 10.0 20.3 13.6 114.0  99.0  85.0  92.5 106.4 65.6 31.6 26.6 39.6 38.9 23.3 15.9 22.0  83.0 176.5 0
36.6 28.2 32.0 14.3 26.0 11.8  9.9 18.0 12.7  95.0  80.0  66.0  78.0  92.0 52.5 25.0 22.2 33.0 34.8 20.5 14.4 25.0  54.4 160.0 0
34.8 26.3 29.9 16.0 22.9 11.3  9.2 16.5 11.8  87.0  75.5  65.0  76.7  86.0 51.0 24.5 20.5 31.5 31.0 20.0 14.0 21.0  45.8 152.0 0
36.7 22.1 28.3 16.7 27.5 12.3 10.1 16.8 12.4 100.8  82.6  63.2  70.5  89.1 55.8 27.0 23.6 33.6 33.4 20.0 15.6 23.0  53.6 162.1 0
39.7 31.6 34.5 19.0 24.9 12.7 10.4 18.2 13.1 112.2  94.5  83.6  94.2 104.1 61.5 31.0 25.4 37.2 35.2 22.3 16.1 31.0  73.2 170.0 0
35.5 24.3 29.5 15.0 26.0 11.5  9.4 17.2 12.1  98.7  83.9  68.0  76.1  88.0 52.2 26.2 23.2 33.2 35.3 21.2 14.6 29.0  52.1 160.2 0
36.0 28.0 30.8 17.3 25.9 12.9  9.8 17.8 13.8 100.1  92.8  75.7  88.6 102.6 64.3 31.0 24.9 35.5 38.0 21.5 15.3 19.0  67.9 161.3 0
35.8 26.4 32.2 17.3 24.9 12.7 10.4 18.9 14.0 100.3  85.3  65.5  74.4  95.9 53.7 27.8 23.9 35.6 33.4 21.9 15.2 21.0  56.6 166.4 0
37.6 27.3 32.0 18.0 25.6 12.4  9.4 18.8 13.6 100.5  84.4  66.9  79.7  98.8 59.2 28.5 23.7 35.9 34.6 20.0 15.1 23.0  62.3 168.9 0
37.6 28.7 30.8 19.0 25.2 13.1 11.5 18.6 13.6 101.2  87.6  67.9  82.7  93.5 57.0 29.6 24.5 37.1 36.3 20.6 15.2 24.0  58.5 163.8 0
34.9 28.0 30.8 15.6 24.2 11.2  9.2 17.9 13.2  96.0  81.0  67.8  73.0  92.9 55.8 26.3 23.0 32.3 30.0 18.8 14.3 20.0  54.5 167.6 0
33.3 24.9 27.8 17.3 23.3 12.8  9.8 17.4 12.9  92.8  84.1  63.2  75.0  86.9 52.1 26.5 23.5 32.3 31.6 18.9 15.0 19.0  50.2 160.0 0
36.2 27.1 29.9 16.0 24.2 11.8  9.2 17.3 12.6  95.5  88.2  73.1  80.0  94.9 57.2 27.0 24.3 34.9 35.7 22.0 15.1 20.0  60.3 161.3 0
33.3 29.2 32.0 14.8 25.9 12.6 10.4 18.4 13.0  98.7  88.1  65.3  75.8  95.3 55.7 27.7 24.5 33.1 35.4 21.2 15.7 19.0  58.3 167.6 0
36.0 25.2 30.8 16.5 24.2 12.6  9.2 17.6 13.2  96.9  84.9  65.6  75.5  93.3 57.4 27.7 24.2 35.1 35.6 21.0 14.7 20.0  56.2 165.1 0
34.0 27.3 29.9 17.0 24.0 12.0  9.2 16.8 12.4  91.0  81.2  62.7  75.4  90.0 54.0 25.3 22.7 32.6 32.9 19.8 13.8 19.0  50.2 160.0 0
36.2 28.7 31.3 19.2 27.1 12.8 10.5 18.0 14.4 106.3  91.6  81.8  96.5  99.3 60.7 28.3 25.2 35.0 36.3 21.4 15.3 22.0  72.9 170.0 0
34.9 27.1 31.5 19.0 24.9 12.4  9.8 18.0 13.8  99.8  88.4  72.1  87.3  95.6 59.2 29.0 24.8 34.3 37.1 21.9 14.3 39.0  59.8 157.5 0
37.4 28.3 31.3 16.3 25.6 12.9 11.0 18.4 14.3 105.0  87.6  68.6  80.7  95.8 56.6 28.5 24.1 35.6 34.0 20.7 15.5 18.0  61.0 167.6 0
33.8 28.7 32.2 18.7 25.4 12.0  8.9 17.4 13.0 106.2  91.3  80.0  97.9 104.6 62.7 30.0 23.1 36.3 36.0 21.0 14.6 19.0  69.1 160.7 0
34.0 27.3 32.2 19.0 24.2 12.9 10.6 17.9 13.4  97.7  87.2  64.9  75.9  92.2 53.1 28.0 24.2 34.0 35.4 20.7 15.5 26.0  55.9 163.2 0
34.4 23.5 26.8 16.5 24.4 11.7  9.2 16.8 12.4  97.4  82.2  61.7  66.0  80.7 50.3 23.7 21.6 30.5 33.8 20.7 14.6 20.0  46.5 152.4 0
34.7 27.8 32.6 16.5 24.2 12.6  9.8 17.6 12.6  96.3  82.1  64.0  73.6  98.1 56.8 25.8 23.9 33.7 34.0 20.3 14.6 20.0  54.3 157.5 0
35.6 26.4 32.2 15.1 26.6 13.0 10.0 17.6 13.8  98.0  82.6  58.6  73.0  89.6 54.9 27.1 23.1 33.2 35.8 20.7 14.4 26.0  54.8 168.3 0
33.8 29.7 32.4 17.3 25.4 13.4  9.6 18.4 13.4  94.5  86.5  68.3  89.2  94.0 57.0 26.0 22.6 35.9 32.5 19.7 14.6 21.0  60.7 180.3 0
37.8 26.6 33.1 16.5 27.1 12.4  9.8 18.3 13.0 101.4  85.3  69.5  74.9  94.7 55.7 24.9 22.8 34.9 37.1 20.1 14.9 21.0  60.0 165.5 0
38.3 30.4 32.2 18.7 26.4 12.4  9.4 18.1 12.7  95.1  84.7  70.5  86.1  94.1 54.6 28.0 23.0 33.5 33.5 20.0 14.6 38.0  62.0 165.0 0
40.3 29.2 32.9 16.5 26.4 13.0  9.4 18.6 12.9 101.1  86.8  69.8  76.5  93.7 55.7 25.4 23.4 35.9 34.2 21.5 15.1 23.0  60.3 164.5 0
38.9 27.5 31.1 15.6 26.8 12.4 10.0 18.4 13.6  97.4  85.2  69.0  76.3  86.7 51.5 26.6 22.7 31.6 33.3 19.6 15.3 37.0  52.7 156.0 0
39.4 29.2 34.7 18.0 28.3 13.4 10.5 19.8 13.1 104.8  93.9  81.0  93.2 105.9 65.5 31.3 26.8 38.1 37.7 21.7 15.9 19.0  74.3 160.0 0
35.0 27.0 33.0 19.3 25.0 11.5  9.9 17.1 13.0  94.5  84.5  71.0  80.5  97.5 59.5 28.0 23.0 34.0 34.2 20.6 15.0 25.0  62.0 163.0 0
40.7 29.0 35.3 17.7 28.5 13.8 10.8 19.8 14.3 103.2  90.7  73.6  79.8 105.3 65.8 29.5 26.6 38.8 39.7 24.3 15.9 20.0  73.1 165.7 0
39.6 30.4 34.2 21.4 26.8 14.2 10.6 20.7 13.1 110.8  97.4  96.3 104.2 102.6 57.5 34.3 26.5 38.3 41.1 22.9 16.4 41.0  80.0 161.0 0
36.9 28.3 32.0 17.0 25.6 10.9  9.4 17.3 12.6  94.6  83.3  65.0  68.2  91.6 55.3 27.7 23.2 33.0 31.5 18.9 14.1 26.0  54.7 162.0 0
35.6 25.7 29.1 15.5 26.0 11.5  9.5 17.8 12.1  96.6  82.1  62.8  70.6  83.9 51.5 24.6 21.4 34.0 34.8 20.9 14.3 21.0  53.2 166.0 0
38.2 30.0 35.5 19.4 26.7 12.6 10.8 19.5 13.6 102.8  92.2  83.0 101.4 108.1 65.0 29.8 24.6 38.1 37.8 20.7 16.6 47.0  75.7 174.0 0
36.9 29.0 33.7 15.6 27.0 11.5 10.2 18.4 13.8  96.9  83.6  67.6  86.2  99.1 57.5 26.4 23.3 38.5 35.0 22.1 15.6 19.0  61.1 172.7 0
36.9 26.9 31.9 16.1 25.2 13.4 10.0 18.8 14.3  95.6  82.6  65.4  74.8  89.3 53.7 26.4 23.8 34.0 33.7 19.1 14.7 44.0  55.7 167.6 0
34.8 26.4 29.8 14.9 25.2 12.2  9.1 18.0 12.4  92.4  77.0  61.6  74.0  89.9 53.6 26.3 23.1 33.3 32.4 19.0 14.2 35.0  48.7 151.1 0
36.6 27.5 30.0 17.7 24.1 12.0  9.3 17.7 13.2  93.7  79.3  63.2  75.5  85.8 51.6 24.2 22.4 32.5 31.3 18.4 14.7 32.0  52.3 164.5 0
36.9 27.4 31.0 18.2 25.7 12.8 10.4 17.8 14.1  96.1  84.3  59.4  74.0  85.8 51.0 26.9 23.0 32.8 32.1 19.7 15.0 46.0  50.0 163.5 0
36.9 26.4 32.4 16.6 26.0 12.6 10.5 18.9 14.4 100.1  85.6  62.7  74.0  96.0 61.5 28.0 23.6 35.4 38.5 21.3 15.4 22.0  59.3 152.0 0
36.9 30.2 34.6 17.5 26.2 13.2 10.4 19.4 14.3  98.8  85.0  66.6  82.0  98.7 60.3 30.4 25.2 35.7 38.2 21.8 15.9 49.0  62.5 169.0 0
36.0 28.6 32.0 17.5 24.1 12.8  9.8 18.7 13.8  92.2  79.1  64.6  82.5  94.9 54.0 24.7 21.7 37.4 35.5 21.0 15.0 52.0  55.7 164.0 0
36.2 30.2 31.2 16.8 27.7 11.5  9.4 17.4 13.1  97.3  85.0  65.7  77.7  90.5 56.1 29.4 23.1 33.2 34.4 20.3 14.4 25.0  54.8 161.2 0
35.1 28.1 30.0 17.1 25.2 12.0  9.6 19.0 14.2  90.5  79.0  63.0  79.2  86.6 48.5 26.4 22.5 32.2 30.3 20.2 15.0 48.0  45.9 155.0 0
38.8 27.2 33.4 17.2 31.6 12.9 11.0 18.2 13.4 110.5  96.2  78.5  93.4 103.0 59.6 30.2 25.9 37.0 35.2 23.2 16.2 41.0  70.6 170.0 0
36.4 26.2 32.2 17.3 25.8 13.1 10.1 17.9 12.6 103.0  86.0  68.2  76.2  97.9 59.8 29.8 25.0 36.8 38.1 21.8 16.2 18.0  67.2 176.2 0
38.6 24.2 34.4 15.3 29.0 13.1 10.4 22.1 14.4 109.0  89.8  68.5  80.2  98.1 62.0 30.1 26.2 40.9 40.4 23.3 16.4 30.0  69.4 170.0 0
36.5 26.0 30.7 15.9 26.8 12.1 10.3 17.0 12.4 104.8  84.5  68.8  70.6  94.8 56.5 27.0 23.4 34.4 35.2 21.6 14.6 20.0  58.2 162.5 0
37.5 27.4 31.2 18.9 26.5 14.0 11.0 19.1 13.5 109.2  88.2  69.0  77.6  96.5 57.6 28.6 25.2 37.0 35.0 22.2 16.2 24.0  64.8 170.3 0
39.9 20.0 32.4 17.6 31.9 13.6 10.4 18.5 13.4 117.0  99.5  78.0  87.5 103.0 64.8 31.1 26.6 35.2 36.7 21.8 16.2 23.0  71.6 164.1 0
34.4 26.1 30.5 18.8 25.2 12.0  9.9 17.5 12.7  93.9  76.1  62.0  70.8  86.8 52.6 24.3 22.3 34.2 34.8 20.2 14.4 30.0  52.8 169.5 0
38.7 23.5 33.0 16.4 27.6 12.6  9.9 17.5 12.6 105.5  85.8  65.8  70.5  89.3 57.4 27.0 23.2 36.8 36.2 22.1 15.8 23.0  59.8 163.2 0
32.6 24.6 29.4 15.8 25.0 11.3  9.2 16.9 11.9  99.4  82.0  65.0  77.2  89.5 53.4 26.0 21.4 34.0 33.9 21.4 14.4 45.0  49.0 154.5 0
34.5 25.6 29.2 18.0 24.2 10.1  9.0 16.3 11.5  89.5  77.5  64.9  74.5  88.4 53.4 25.6 22.4 30.9 32.6 19.1 14.0 20.0  50.0 159.8 0
36.7 28.2 33.0 17.5 25.6 12.2 10.1 17.8 13.5  98.5  85.7  71.5  82.0 100.5 60.4 28.0 24.2 36.6 36.4 21.8 15.6 20.0  69.2 173.2 0
36.5 27.0 31.6 16.6 24.4 11.9  9.7 18.0 12.5  94.9  78.8  61.4  78.8  94.0 56.4 27.1 22.8 35.4 34.8 21.0 15.0 23.0  55.9 170.0 0
34.2 28.0 31.0 20.4 25.6 12.4  9.7 18.5 13.0  96.3  88.0  75.4  90.0 101.3 63.1 28.4 22.6 37.6 34.3 21.7 14.8 21.0  63.4 161.4 0
37.8 28.6 30.7 17.3 25.4 11.8 10.6 18.8 13.3  96.8  80.2  67.2  78.3  95.5 54.7 27.0 22.2 36.0 35.4 22.2 15.6 28.0  58.2 169.0 0
35.7 25.5 32.5 16.0 27.2 11.9 10.0 18.6 13.6 102.5  85.6  69.5  75.5  95.3 57.6 28.5 24.4 35.2 35.4 21.8 15.4 45.0  58.6 166.2 0
33.9 24.3 29.5 15.8 26.0 11.6  9.4 16.3 11.2  95.2  81.3  57.9  66.4  84.1 49.0 26.6 22.2 33.6 33.0 19.6 14.0 24.0  45.7 159.4 0
35.2 24.1 26.9 17.9 23.6 12.0  9.5 17.5 11.5 103.0  84.6  64.4  77.9  91.0 53.4 26.6 23.3 32.7 33.0 19.4 14.2 25.0  52.2 162.5 0
37.1 24.3 28.4 16.2 25.8 12.1  9.8 16.8 12.2  99.1  82.2  62.3  68.7  83.9 52.8 24.4 22.1 32.4 32.5 21.0 14.8 19.0  48.6 159.0 0
37.7 26.2 30.8 17.8 25.2 12.4 10.2 17.2 11.8 104.1  84.9  68.7  78.6  93.1 55.2 28.2 23.8 34.6 34.3 21.5 15.0 20.0  57.8 162.8 0
37.8 28.1 30.0 17.9 24.9 11.1  9.6 18.0 13.2  99.5  81.5  68.0  84.6  92.3 55.4 27.4 23.0 34.5 35.3 21.6 15.6 29.0  55.6 159.0 0
39.3 24.5 32.3 21.4 29.5 13.4 10.9 18.2 13.0 110.2  89.9  66.0  79.9  97.1 59.0 27.0 24.2 37.2 39.0 23.2 16.2 24.0  66.8 179.8 0
37.2 24.4 29.4 18.1 27.3 12.3  9.9 17.1 12.2 107.1  89.8  71.2  85.7  97.5 58.2 28.2 25.2 34.2 34.0 20.4 15.4 24.0  59.4 162.9 0
36.1 26.8 31.0 16.2 24.0 11.0  8.9 17.8 12.2  95.7  80.8  64.8  79.8  92.0 57.4 26.5 22.6 31.0 35.2 20.4 14.4 25.0  53.6 161.0 0
35.2 25.1 33.0 20.0 26.6 11.6  9.1 21.0 12.6 103.4  88.4  78.0  85.6 112.1 75.7 33.8 24.6 38.2 39.8 22.0 14.4 31.0  73.2 151.1 0
35.8 27.7 28.9 16.4 25.6 11.5  9.1 17.1 12.3  94.6  80.2  60.7  77.0  89.9 53.3 25.2 22.4 34.2 32.2 19.0 14.6 22.0  53.4 168.2 0
35.0 25.6 32.5 17.9 27.0 12.6  9.8 18.6 12.9 104.5  89.5  75.0  95.0 104.9 63.2 29.6 23.9 37.6 36.6 22.0 15.1 20.0  69.0 168.9 0
37.8 29.9 31.1 17.3 25.8 10.9  9.4 15.7 11.5  97.7  83.7  68.6  83.0  94.2 58.0 26.2 22.1 32.2 35.9 19.9 14.6 32.0  58.4 173.2 0
35.7 27.0 29.8 16.5 26.2 12.1  9.6 18.0 13.6  96.4  82.5  67.1  75.0  90.4 53.2 27.3 23.6 35.9 36.6 23.8 15.3 25.0  56.2 171.8 0
39.5 29.8 31.5 19.2 25.4 13.0 10.6 19.1 13.4 103.0  85.5  68.0  84.5  99.5 60.8 26.5 24.2 40.5 39.4 23.2 15.8 19.0  70.6 178.0 0
38.8 26.3 31.5 19.0 25.9 11.6  9.9 18.8 13.1 103.4  88.3  71.0  87.1  98.7 59.2 28.2 23.6 35.6 35.8 20.8 15.5 23.0  59.8 164.3 0
37.9 29.0 32.9 18.6 27.0 12.7 10.6 18.2 12.1 109.5  91.5  76.0  82.5 103.5 64.8 29.5 25.2 39.2 37.0 21.8 15.8 22.0  72.0 163.0 0
37.7 25.0 30.4 16.6 29.3 12.4 10.2 18.6 12.7 110.7  92.2  70.3  82.8 100.0 59.6 30.8 25.4 37.0 37.0 23.0 16.0 20.0  65.2 168.5 0
38.2 25.9 30.2 16.9 24.8 11.7  9.4 16.9 11.7 102.2  80.5  69.5  81.0  95.2 56.2 27.4 23.8 35.4 34.0 21.3 15.2 27.0  56.6 166.8 0
40.0 31.0 35.8 21.3 33.2 14.1 12.2 24.3 12.9 129.5 108.0 101.5 105.5 114.0 70.0 40.3 30.8 45.6 45.0 25.8 18.2 34.0 105.2 172.7 0
35.7 28.3 29.6 17.4 23.3 10.7  8.7 16.8 11.3  99.2  80.0  67.2  75.2  91.2 53.6 27.1 23.2 34.6 34.2 20.3 14.2 25.0  51.8 163.5 0
35.7 25.9 29.3 14.7 29.1 13.2 10.9 18.1 13.1 104.7  89.5  68.7  81.0  93.8 58.0 30.0 24.4 35.9 37.4 22.0 16.0 26.0  63.4 169.4 0
36.0 27.6 29.0 18.6 25.0 11.8  9.2 18.0 11.4  98.9  84.9  66.0  81.0  92.0 56.2 26.4 22.6 35.4 35.6 21.0 14.5 19.0  59.0 167.8 0
35.0 25.0 27.2 15.4 23.4 10.8  8.7 16.8 12.2  98.5  80.8  67.5  75.4  85.8 53.8 24.8 21.5 33.0 33.0 20.0 14.0 26.0  47.6 159.5 0
37.0 26.9 32.4 16.6 25.4 12.9 10.0 18.1 13.1 102.2  81.0  65.2  75.9  95.4 58.5 27.2 25.3 37.5 38.4 23.2 15.8 25.0  63.0 167.6 0
36.7 23.5 29.5 17.2 28.3 11.5  9.5 16.1  9.9 100.2  88.7  64.2  76.8  88.4 56.0 29.0 23.8 33.9 33.2 20.5 15.0 20.0  55.2 161.2 0
32.8 26.2 26.3 16.1 23.6 10.6  9.2 16.4 11.7  85.9  74.5  61.0  65.3  84.5 51.5 22.4 19.6 30.4 28.4 17.4 13.2 21.0  45.0 160.0 0
34.8 20.3 31.0 17.3 26.8 11.6  9.8 17.9 12.4  99.8  81.9  60.2  64.2  91.7 53.3 26.0 23.2 36.0 35.8 21.2 15.2 18.0  54.0 163.2 0
35.0 23.7 29.0 15.4 23.6 11.5  9.6 16.6 11.6  93.3  75.8  62.6  72.9  87.4 54.0 26.4 21.8 34.5 33.0 20.7 14.4 19.0  50.2 162.2 0
38.7 27.1 31.4 16.5 27.5 12.8  9.2 18.8 12.5 107.3  88.0  72.7  76.7  95.9 56.6 29.5 25.3 36.8 37.6 22.4 16.6 27.0  60.2 161.3 0
32.8 20.9 28.2 17.2 22.2 11.3  9.5 16.0 11.2  90.0  72.6  58.5  67.2  84.3 52.2 25.0 20.7 31.7 32.0 20.1 13.1 26.0  44.8 149.5 0
36.7 23.0 30.8 17.0 27.6 13.1 11.0 17.0 12.9 101.5  88.0  67.5  79.5  96.5 56.3 28.4 24.6 35.6 33.5 21.8 16.0 36.0  58.8 157.5 0
38.8 26.5 29.8 17.4 28.2 12.0  9.4 17.7 12.6 105.1  86.0  66.1  73.2  91.8 54.4 27.4 23.8 35.0 33.0 20.2 14.9 20.0  56.4 163.2 0
36.4 24.9 30.8 16.5 26.7 12.4 10.5 18.4 12.8 101.0  85.5  68.0  86.1 101.0 59.6 28.0 23.3 36.1 35.1 21.6 15.6 28.0  62.0 172.7 0
34.0 27.8 29.6 16.5 24.4  9.9  8.9 17.0 11.5  91.9  80.4  64.0  85.0  92.6 54.8 25.6 20.7 32.7 31.5 18.9 13.4 32.0  49.2 155.0 0
38.2 27.5 30.0 20.4 29.2 11.8  9.2 17.8 11.5 112.1  98.1  90.1  90.1  95.2 53.8 32.1 25.8 34.7 37.2 21.5 15.8 32.0  67.2 156.5 0
35.1 23.4 30.6 16.2 26.8 12.1  9.4 16.1 12.2  98.2  82.0  64.1  74.1  96.0 53.7 26.6 23.2 35.2 35.0 21.0 14.8 23.0  53.8 164.0 0
36.0 25.2 28.4 15.4 26.9 11.2  9.9 16.8 12.1 102.5  89.0  72.4  80.3  89.9 52.6 27.6 23.8 33.2 34.4 21.3 14.6 20.0  54.4 160.9 0
35.9 25.1 28.2 18.1 26.1 11.6  8.5 16.8 11.0  98.4  85.8  71.0  85.0  92.7 57.3 28.4 23.6 34.2 34.0 19.8 13.8 20.0  58.0 162.8 0
35.0 27.1 30.1 19.5 24.9 12.4  9.9 18.2 12.5  96.8  85.9  69.1  77.2  94.1 56.2 28.9 23.1 35.0 34.4 20.0 15.0 20.0  59.8 167.0 0
35.2 24.4 29.8 15.1 26.0 13.0  9.2 17.3 12.2 103.9  82.5  66.1  74.9  93.8 54.2 27.8 24.0 35.3 33.7 22.0 14.6 23.0  54.8 160.0 0
34.9 26.2 28.5 14.6 23.5 10.4  8.7 16.0 11.1  92.7  74.5  59.5  65.5  78.8 46.3 23.2 20.8 31.6 29.6 18.6 13.8 20.0  43.2 160.0 0
36.0 28.1 31.0 18.8 27.4 11.5  9.7 17.5 12.8 105.0  89.4  71.5  80.6  96.0 56.9 26.8 22.0 33.8 33.5 21.1 15.3 28.0  60.5 168.9 0
36.4 27.7 29.8 17.0 25.0 11.2  9.0 16.9 12.2  94.0  80.3  65.0  73.3  84.9 50.8 25.0 22.2 31.6 31.6 18.8 14.2 23.0  46.4 158.2 0
35.5 27.7 30.7 20.6 24.9 11.6  8.9 17.9 11.5 101.5  85.6  71.5  82.0  97.5 63.0 28.4 23.5 39.1 38.2 20.4 14.4 19.0  64.4 156.0 0
34.1 18.7 27.2 16.1 24.6 11.2  9.5 16.1 11.9  92.0  83.0  63.0  72.0  86.0 53.0 24.1 22.0 30.0 31.2 20.4 14.4 28.0  48.8 160.0 0
37.1 25.0 29.3 17.1 28.1 13.0 10.9 17.5 13.0 108.5  88.2  70.0  81.2  96.8 59.8 30.1 25.2 35.8 35.0 21.7 16.0 19.0  62.2 167.1 0
35.2 26.0 30.4 17.3 25.5 11.1  9.0 17.1 12.0  93.8  85.5  70.4  82.4  93.5 57.5 28.3 21.9 33.1 32.8 19.0 13.9 29.0  55.5 158.0 0
37.5 26.0 29.4 17.6 26.5 12.3 10.4 18.3 12.7  99.8  80.6  64.3  75.0  93.0 55.6 28.2 23.8 35.6 35.5 22.0 15.5 32.0  57.8 167.6 0
36.3 24.9 31.0 16.6 27.7 12.5 10.0 18.1 13.0 100.3  81.0  66.0  73.2  90.2 54.8 26.8 23.8 34.7 34.5 21.4 15.2 20.0  54.6 156.0 0
37.2 26.0 28.5 18.8 25.0 12.3  9.7 18.4 13.0 101.5  83.6  70.5  78.5  91.9 56.8 30.5 24.3 35.8 36.9 20.4 15.7 28.0  59.2 162.1 0
37.6 27.7 30.2 17.4 25.7 12.0  9.1 17.5 12.1  94.7  79.4  62.0  73.0  88.5 53.6 24.7 22.4 33.5 33.0 19.4 14.5 36.0  52.7 173.4 0
33.6 24.3 27.9 18.2 24.7 11.0  8.4 16.6 11.1 103.1  82.9  67.6  73.9  90.2 56.4 30.2 24.2 34.1 33.8 20.6 14.8 22.0  53.2 159.8 0
34.5 29.2 31.9 18.3 23.6 11.0  9.3 18.7 12.4  94.5  83.2  65.0  80.9  97.6 62.2 27.2 22.8 38.6 37.4 20.6 14.8 20.0  64.5 170.5 0
36.0 27.1 31.4 18.5 24.6 11.9  9.4 15.9 11.9  97.1  78.1  64.0  75.9  95.0 55.9 25.2 23.0 32.3 34.8 20.3 13.4 22.0  51.8 159.2 0
35.4 27.0 29.0 17.8 25.0 11.6  9.2 18.2 12.1  98.0  82.4  70.5  81.6  98.0 61.4 27.2 23.2 35.6 30.5 20.1 14.6 32.0  56.0 157.5 0
35.8 28.3 30.2 19.2 24.9 12.0  9.2 18.4 14.2 102.4  90.0  79.2  95.2  97.4 61.7 27.8 23.4 36.0 35.7 23.8 14.1 40.0  63.6 161.3 0
38.3 28.3 32.4 18.7 28.3 13.9 10.6 18.9 14.0 109.1  92.4  71.1  91.5  98.2 55.3 29.6 24.6 34.3 36.6 20.7 15.6 40.0  63.2 162.6 0
33.8 28.7 32.9 17.7 23.5 12.6  9.4 18.2 13.2  94.7  86.7  74.7  90.8 100.0 59.4 31.0 23.7 35.7 34.0 20.9 14.2 42.0  59.5 160.0 0
36.9 31.1 33.8 16.8 26.6 13.0  9.8 18.4 13.8  98.2  84.0  62.9  76.8  95.5 52.8 26.4 23.1 34.6 32.3 20.4 14.7 40.0  56.8 168.9 0
34.9 28.0 33.1 18.0 26.1 12.6  9.6 18.8 12.2 101.5  86.0  70.6  91.9 101.9 62.0 29.1 24.2 37.2 33.1 19.9 15.0 44.0  64.1 165.1 0
35.1 28.3 29.7 18.2 27.3 13.0  9.3 17.7 13.8  96.6  84.5  61.6  81.0  87.6 51.6 27.4 23.7 32.4 32.9 20.3 14.6 30.0  50.0 162.6 0
37.4 30.2 34.2 21.6 28.3 13.2 10.0 19.6 14.1 106.1  91.2  74.2  98.2 102.6 61.5 31.4 25.0 37.6 41.9 24.3 15.4 28.0  72.3 165.1 0
36.9 27.5 31.1 16.3 26.6 12.8  9.8 18.0 14.0 100.1  81.1  65.5  82.3  90.4 53.3 26.8 22.3 34.2 33.4 21.5 14.5 37.0  55.0 166.4 0
36.0 28.0 30.4 16.3 26.4 12.2  9.2 17.6 12.8 105.3  87.6  67.7  84.2  92.0 54.3 28.2 23.8 33.0 32.7 18.8 14.7 40.0  55.9 160.0 0
32.9 26.6 32.2 18.5 25.2 12.0  8.4 19.4 12.0  99.8  88.2  72.9  97.4 102.2 60.1 29.9 24.1 33.8 33.5 21.0 15.1 45.0  60.4 152.4 0
38.3 31.7 37.4 19.2 28.5 13.2  9.3 18.6 13.8 103.9  88.2  72.1  96.3 106.7 62.0 27.3 23.1 34.6 35.6 23.5 14.7 35.0  69.1 170.2 0
37.6 30.7 35.6 24.7 32.2 14.0 10.6 21.2 14.5 111.0 104.2  93.4 111.1 109.8 67.7 35.7 28.6 41.5 38.6 22.3 17.3 41.0  84.5 162.6 0
36.7 28.0 31.7 17.3 27.3 13.1 10.6 18.4 13.4  99.0  84.8  60.7  78.0  89.1 52.6 26.6 22.8 32.5 34.6 21.2 14.1 27.0  55.9 170.2 0
38.9 25.2 31.5 17.3 24.2 12.9  9.8 18.0 12.8 102.5  84.3  69.2  85.3  93.0 53.9 27.9 23.7 35.5 33.1 21.9 15.1 20.0  55.5 158.8 0
37.8 28.0 32.0 16.8 28.3 12.7  9.8 18.1 13.2 105.6  91.0  75.5  90.7  98.6 62.7 31.5 24.8 37.2 35.4 20.3 14.6 24.0  69.5 172.7 0
38.0 31.7 32.9 22.3 25.2 12.4 10.0 19.6 13.8  99.5  90.5  85.6 111.7 112.1 64.3 31.3 25.0 35.5 38.0 21.0 14.6 36.0  76.4 167.6 0
38.7 30.4 31.3 18.7 26.8 12.4 10.0 19.4 13.6 106.5  89.6  71.6  92.7  95.0 56.8 27.2 24.3 36.2 35.8 20.1 14.6 27.0  61.4 162.6 0
37.1 27.1 32.6 17.3 26.6 13.2 10.3 19.0 14.4 104.1  89.3  75.5  98.9 100.2 57.8 30.3 23.8 37.3 37.0 22.5 15.1 32.0  65.9 167.6 0
35.8 30.2 33.5 20.6 27.5 12.4  9.4 18.4 13.0  99.7  90.0  73.7  92.7 101.2 57.4 28.1 23.3 33.9 33.3 21.2 14.9 64.0  58.6 156.2 0
38.5 30.4 35.1 18.2 27.3 13.8 10.7 19.0 14.4 106.6  88.2  67.9  86.9 100.8 60.2 31.0 26.6 36.6 38.5 22.2 16.0 21.0  66.8 175.2 0
38.5 30.8 35.1 15.8 27.3 13.1 10.6 18.6 14.2  97.2  83.5  71.2  83.0  96.5 52.4 25.2 21.7 33.7 32.1 21.0 15.0 32.0  56.6 172.1 0
36.0 30.2 32.9 18.7 27.8 12.4  9.6 18.4 14.2 100.8  91.0  69.3  85.9  93.2 55.4 29.7 24.1 34.8 34.6 21.5 14.6 35.0  58.6 162.6 0
34.0 26.4 29.9 19.2 27.5 11.8  9.4 17.3 12.4 100.7  88.2  75.6  94.7  95.8 58.5 30.0 22.2 34.6 32.6 19.9 13.7 41.0  55.9 160.0 0
38.3 26.6 33.3 18.2 26.4 13.1 10.8 20.0 13.8  99.1  82.2  63.8  81.8  97.6 59.0 27.8 23.6 35.9 35.5 22.6 15.4 40.0  59.1 165.1 0
38.7 33.3 33.8 20.9 30.2 14.0 10.5 18.9 14.8 108.9  98.9  83.6 108.6 108.3 63.0 31.9 26.0 38.1 36.4 24.5 16.0 29.0  81.8 182.9 0
36.9 29.0 33.5 20.9 30.2 12.7  9.6 18.6 14.2 109.8  97.9  84.9  98.0 102.4 59.9 32.0 25.7 37.6 33.7 21.6 15.5 40.0  70.7 166.4 0
35.8 26.6 31.1 18.5 24.7 12.4  9.6 17.9 13.8  99.5  81.7  66.0  85.0  94.3 56.4 28.0 21.1 32.1 34.3 21.0 14.4 24.0  56.8 165.1 0
36.7 29.0 32.0 19.7 25.6 12.4 10.0 18.6 13.0 100.5  86.1  68.3  85.3  96.5 55.1 26.0 22.6 33.9 33.7 21.8 15.0 23.0  60.0 177.8 0
36.7 28.0 31.1 19.4 27.5 12.9 10.0 17.9 14.0  97.4  87.1  63.8  88.3  94.0 56.1 28.1 24.0 33.1 35.2 22.1 16.0 41.0  58.2 165.1 0
37.6 31.3 33.5 17.0 25.4 12.4  9.4 19.2 11.5 105.0  76.8  73.6 106.3 106.2 61.7 31.4 26.2 39.6 39.1 24.8 16.2 44.0  72.7 175.3 0
35.1 23.7 31.1 18.5 25.9 12.8 10.0 17.7 12.8 102.9  87.9  76.3  93.8  98.6 55.5 31.2 23.0 32.3 31.3 20.3 15.1 53.0  54.1 154.9 0
35.3 23.3 28.3 15.3 24.7 12.4 10.2 17.1 13.4  93.9  81.6  58.8  77.4  89.3 51.6 25.4 22.4 33.8 32.4 21.0 14.8 19.0  49.1 158.8 0
38.5 26.6 34.0 22.3 26.6 13.8 10.7 20.0 15.5 114.2  92.3  78.0 100.9 106.9 65.5 31.7 26.3 38.5 39.7 22.8 15.6 24.0  75.9 172.7 0
37.8 29.4 32.2 15.8 27.5 11.8  9.8 18.2 13.8  95.9  81.3  64.5  80.8  91.9 53.4 25.1 23.1 34.6 32.7 21.4 14.6 25.0  55.0 168.9 0
35.1 25.6 29.9 16.8 24.9 12.6  9.6 18.2 12.5  98.7  82.2  65.8  80.2  89.1 55.4 28.4 22.9 33.6 35.0 19.7 14.8 20.0  57.3 161.3 0
32.4 30.2 33.8 15.3 25.6 12.2 10.2 17.9 13.4  91.2  78.6  62.5  84.5  95.5 57.3 27.4 22.4 35.1 35.7 20.4 14.8 34.0  55.0 167.6 0
39.2 31.3 33.8 17.7 29.7 13.2  9.6 17.8 14.4 105.1  94.3  77.5  93.9 101.1 61.6 28.3 23.0 36.5 34.6 21.9 14.7 32.0  65.5 165.1 0
38.3 30.8 35.6 17.0 26.8 13.6 10.4 19.0 13.6 102.3  89.5  70.0  89.6  98.9 55.0 29.3 25.0 35.6 36.6 22.5 16.4 24.0  65.5 175.3 0
32.9 20.9 28.5 19.0 23.0 12.2  9.1 16.0 12.7  93.1  81.0  59.4  73.7  83.3 50.2 26.9 22.5 31.7 30.7 20.5 15.2 29.0  48.6 157.5 0
38.0 28.3 31.1 17.7 26.1 12.2 10.2 17.3 13.0 101.7  85.4  68.3  84.0  94.0 57.3 29.8 24.7 32.7 34.3 21.7 15.4 31.0  58.6 163.8 0
37.8 32.0 33.8 16.8 26.6 13.4 10.4 18.8 13.4 105.0  86.2  77.9  96.0 100.1 60.7 28.4 24.3 34.7 34.5 20.9 14.9 34.0  63.6 167.6 0
34.2 29.2 31.1 18.0 25.9 12.8  9.8 17.6 13.4  96.4  85.3  68.3  88.0  93.8 54.7 27.7 24.4 32.7 33.0 19.6 14.9 36.0  55.2 165.1 0
37.6 31.3 35.3 20.2 27.3 11.3  9.4 18.9 13.8 103.5  86.1  72.0  91.9 103.9 57.5 27.4 22.4 36.3 37.9 23.4 14.5 32.0  62.7 165.1 0
35.3 25.4 31.3 17.3 25.4 12.4 10.0 17.5 13.6  99.8  84.5  62.7  78.3  93.5 52.5 24.2 23.3 32.8 36.1 22.0 14.8 39.0  56.6 168.9 0
34.9 27.3 32.2 17.7 25.4 12.6  9.0 17.4 12.2  87.0  72.6  58.0  82.9  90.2 52.5 23.1 21.0 35.5 36.4 20.3 13.0 37.0  53.9 162.6 0
37.4 32.0 34.7 19.7 25.9 13.0 10.0 18.4 13.4 105.2  90.0  72.7  97.2 100.2 57.9 30.5 23.7 36.3 34.3 20.5 14.8 52.0  63.2 164.5 0
36.2 31.1 34.7 21.1 26.8 12.9 10.4 18.6 14.0 102.1  95.8  85.4 105.2 109.5 68.3 29.7 24.5 40.3 37.0 22.4 15.3 24.0  73.6 176.5 0
38.9 29.0 33.1 16.3 25.9 12.2 10.2 18.8 13.8 101.3  85.5  67.3  86.9  97.6 58.8 27.2 22.6 38.3 35.6 21.0 14.6 33.0  62.0 168.9 0
36.0 30.4 32.9 18.2 24.7 13.4 10.5 19.5 13.6  99.6  85.7  70.8  92.1  96.9 57.9 29.3 24.2 36.5 35.3 20.3 15.4 42.0  63.6 175.3 0
33.3 25.9 29.9 18.0 25.6 12.0  9.2 17.6 12.9  99.4  85.4  67.4  85.9  90.3 54.7 26.9 22.3 32.8 29.5 18.7 13.7 34.0  53.2 159.4 0
37.4 29.4 32.6 19.9 27.1 13.4 10.2 18.4 14.1  99.4  79.1  66.0  85.0  94.8 57.4 26.8 22.9 32.2 32.6 19.2 14.6 37.0  53.4 160.0 0
34.7 29.4 31.5 17.7 24.9 13.4  9.6 18.4 13.4  99.0  84.4  63.6  84.9  92.7 54.4 26.7 23.7 33.5 33.6 20.2 14.6 39.0  55.0 170.2 0
38.7 28.0 34.7 16.3 28.5 13.6 10.4 20.4 14.3 108.2  90.0  71.7  95.8 108.4 68.5 28.7 25.9 40.5 39.5 23.3 15.6 41.0  70.5 162.6 0
36.2 28.3 31.3 16.3 25.4 12.2  9.6 16.8 12.9  96.4  82.9  73.6  86.9  94.7 52.9 25.0 21.0 31.6 30.2 19.3 13.6 36.0  54.5 167.6 0
37.6 27.8 31.1 19.9 25.9 12.9  9.6 17.2 13.8 101.4  87.3  66.9  83.3  90.6 54.4 28.9 23.8 33.9 33.9 20.8 15.5 19.0  54.5 162.6 0
34.9 26.1 29.0 16.5 25.6 12.0  9.2 17.3 13.2  98.2  85.3  65.5  76.7  90.8 56.4 27.3 24.3 33.1 35.0 20.7 14.2 22.0  55.9 160.7 0
34.7 24.7 32.0 17.7 25.2 12.8 10.4 18.4 13.8 100.6  87.3  70.4  91.1  96.7 55.6 29.9 23.7 35.3 33.8 23.0 16.3 23.0  59.0 160.0 0
34.0 26.8 32.2 17.3 28.7 11.2  9.1 17.4 12.9 108.4  93.2  80.3  98.0 101.2 61.2 31.0 23.6 34.6 35.6 20.0 14.3 36.0  63.6 157.5 0
37.8 28.5 33.5 18.0 27.1 12.9 10.4 18.6 13.4 100.8  84.7  65.0  84.5  94.7 54.8 28.9 24.4 34.7 34.8 22.5 15.3 45.0  54.5 162.6 0
35.1 27.8 30.6 16.3 26.8 11.6  9.6 17.2 12.0  94.8  78.0  60.4  79.2  87.0 49.5 26.8 22.7 33.2 31.5 18.8 14.7 25.0  47.3 152.4 0
39.2 29.9 34.9 18.5 26.4 14.3 10.8 19.6 14.4 108.2  90.7  75.3  96.3 103.6 59.9 31.5 25.4 35.7 35.8 21.1 16.3 67.0  67.7 170.2 0
35.1 29.9 35.3 18.0 28.5 13.8 10.5 20.0 14.3 110.7  95.0  83.4 100.5 107.5 67.4 34.2 28.3 40.9 41.2 23.4 15.6 26.0  80.9 165.1 0
37.1 29.2 32.0 18.0 26.1 13.2 10.2 19.2 14.4 102.6  88.7  72.2  87.8  96.1 61.1 29.5 24.6 39.1 38.7 26.0 15.5 21.0  70.5 172.7 0
35.8 29.4 30.8 17.0 26.6 12.2 10.8 17.6 13.4  98.1  86.6  70.1  86.2  97.6 55.6 27.6 23.7 34.9 32.0 21.1 15.3 33.0  60.9 165.1 0
35.3 26.8 31.7 18.5 23.3 11.5  9.2 17.8 12.6  92.0  82.5  69.8  86.4 100.2 59.0 26.7 23.3 33.5 33.1 19.6 14.2 25.0  63.6 170.2 0
37.6 26.8 31.1 16.5 24.0 11.8 10.2 18.4 12.8  98.6  81.4  66.4  78.5  91.6 54.6 24.2 21.2 33.0 34.3 20.2 15.0 24.0  54.5 170.2 0
35.8 29.0 30.6 18.0 24.2 12.4 10.5 17.9 13.4  96.1  79.9  61.7  79.7  94.7 56.5 25.5 23.2 36.7 36.2 22.0 14.8 21.0  59.1 170.2 0
36.0 29.2 33.5 17.5 27.8 11.6 10.5 18.7 14.2 107.7  91.1  76.4  98.3 107.0 64.5 32.8 24.8 36.5 36.2 23.9 15.5 35.0  70.5 161.3 0
35.6 28.3 28.0 14.4 23.7 11.7  9.6 16.4 13.0  95.4  80.1  63.8  72.5  86.3 51.5 24.4 22.0 32.0 32.6 21.0 14.0 27.0  52.7 167.6 0
37.1 27.8 31.7 20.6 26.4 12.4 10.4 18.2 13.2  99.3  86.4  70.2  86.7  97.8 58.5 28.3 24.9 35.5 36.3 21.4 15.3 27.0  62.7 167.6 0
35.6 30.2 32.9 21.8 26.8 13.0 11.0 20.6 14.3 115.2 105.2  88.2 106.5 107.9 63.1 30.3 25.2 39.2 38.4 23.1 16.4 26.0  86.3 165.1 0
35.1 29.4 33.1 17.7 27.3 12.8 10.3 18.7 13.6  96.7  91.1  75.8  94.4 103.3 60.5 30.4 24.8 36.8 35.9 21.8 15.5 25.0  66.4 162.6 0
35.8 26.8 30.4 23.3 25.6 12.4 10.3 17.5 13.0 109.0  96.7  81.5  94.1  94.9 54.8 31.2 25.8 34.4 37.3 21.8 14.6 44.0  67.3 152.4 0
37.4 29.4 31.7 16.5 25.9 12.2 10.8 19.4 14.3  95.1  80.5  67.4  77.7  95.1 56.3 27.0 24.3 36.2 36.7 23.7 15.9 29.0  63.0 168.9 0
38.9 28.5 34.0 19.2 27.5 13.3 10.3 19.1 14.2 108.4  90.4  78.3  95.4 104.9 63.1 32.8 27.0 39.4 39.1 23.0 16.5 26.0  73.6 170.2 0
37.4 29.0 32.9 17.7 23.5 12.7 10.0 18.2 13.8  98.2  84.1  65.9  83.7  96.3 57.0 26.6 23.7 35.6 34.0 21.7 15.1 23.0  62.3 175.2 0
37.6 28.3 29.4 16.8 25.4 13.2 10.0 17.8 14.2  99.7  84.2  62.4  81.4  90.4 53.2 25.8 23.0 34.5 31.0 19.2 14.7 32.0  57.7 175.2 0
35.1 26.6 29.2 17.0 24.4 11.8  9.4 17.0 12.2  94.4  82.5  65.6  81.8  92.8 56.2 28.8 24.7 33.0 34.6 21.7 15.8 32.0  55.4 160.0 0
38.0 33.3 37.8 20.6 28.3 15.0 11.5 22.6 13.8 127.1 106.9  96.2 121.1 128.3 72.3 35.9 30.6 49.0 45.4 24.1 17.8 43.0 104.1 165.1 0
36.7 25.2 29.2 18.5 24.2 12.0  9.0 17.0 11.8  94.9  79.9  62.5  74.0  87.6 51.6 25.7 21.9 31.7 34.7 18.5 13.9 32.0  55.5 174.0 0
35.6 29.9 33.5 18.2 24.9 13.2 11.0 19.2 13.8  98.9  93.0  80.5  98.8 107.2 63.0 34.1 27.6 38.8 38.2 22.2 16.3 41.0  77.3 170.2 0
35.6 30.8 33.8 26.8 27.1 12.4 10.2 18.2 14.0 106.4  96.3  86.1 107.4 112.0 69.4 31.7 25.5 39.4 38.7 23.7 16.3 33.0  80.5 160.0 0
35.6 27.3 31.7 17.5 27.3 12.4  9.8 17.6 12.7 102.2  86.8  71.3  85.7  94.0 59.2 31.1 24.4 35.9 34.4 21.2 14.2 28.0  64.5 167.6 0
37.8 29.0 32.4 20.6 28.5 12.7  9.1 18.2 13.2 110.3  95.3  79.4  90.9 102.7 63.0 29.9 24.9 38.7 36.3 21.3 15.5 28.0  72.3 167.6 0
40.9 28.7 29.2 18.2 27.3 12.9  9.6 16.8 13.4 107.3  93.0  72.3  89.0  92.0 54.7 28.8 23.2 35.0 34.2 20.5 14.8 25.0  61.4 167.6 0
34.0 25.9 29.4 20.2 24.2 11.4  9.6 16.6 12.6  95.0  86.4  67.4  86.7  98.4 59.1 29.3 23.1 35.6 37.4 22.5 14.4 38.0  58.2 154.9 0
34.9 31.3 31.7 20.9 31.5 13.0  9.6 17.8 13.7 115.6 109.0  94.2 110.5 103.5 57.8 35.7 25.6 34.8 35.5 19.5 15.0 37.0  81.8 162.6 0
35.8 31.5 32.6 17.5 25.2 12.9  9.8 17.9 13.4  99.3  86.2  67.0  85.3  96.7 56.2 27.0 22.3 37.0 33.0 21.6 15.0 25.0  63.6 175.3 0
36.5 27.5 30.8 18.5 24.5 11.6  9.6 17.0 11.7  93.1  85.3  69.5  86.2  90.6 51.7 24.4 22.1 33.9 30.8 19.9 14.1 37.0  53.4 171.4 0
32.9 26.8 28.7 16.3 24.4 11.0  8.6 16.4 12.6  94.9  84.2  66.4  79.3  92.0 53.4 24.9 22.3 32.5 31.7 21.7 13.4 27.0  54.5 157.5 0
36.9 28.5 31.5 15.6 27.8 11.6  9.8 17.2 12.9 100.0  83.7  67.6  84.1  90.4 52.4 25.6 23.0 34.5 32.5 21.7 14.6 27.0  53.6 165.1 0
35.8 29.4 32.0 18.0 25.9 11.8  9.8 18.0 12.7  98.6  86.5  66.6  87.5  96.7 59.3 27.3 24.0 36.0 34.9 21.4 14.6 20.0  60.0 160.0 0
39.4 28.3 30.2 21.6 29.7 12.8 10.5 19.5 14.4 107.2  98.2  69.7  86.0  94.9 59.1 29.9 25.0 37.7 37.7 23.7 16.2 19.0  73.6 174.0 0
36.5 28.3 29.7 17.7 26.4 12.0 10.0 17.1 12.8  98.3  88.0  72.0  86.0  95.5 57.3 27.6 23.3 35.2 31.9 19.6 15.4 32.0  61.4 162.6 0
35.8 27.3 28.5 18.2 23.5 11.2 10.2 17.5 12.9  92.4  80.4  64.5  81.7  88.4 52.4 25.5 23.0 34.5 32.7 20.3 14.9 26.0  55.5 174.0 0
34.4 29.7 31.7 17.5 24.7 12.6 10.2 17.7 12.4  93.0  86.0  72.3  91.7  97.8 59.1 31.0 26.3 39.9 39.7 21.6 15.4 56.0  63.6 162.6 0
36.5 26.6 30.8 16.0 24.9 12.6 10.7 17.0 13.0  99.5  86.4  69.1  87.8  95.4 59.5 28.3 24.7 35.6 34.6 23.0 16.6 23.0  60.9 161.3 0
38.5 25.6 31.7 17.0 25.6 11.8 10.2 16.8 12.9  92.8  87.6  74.7  77.0  97.7 57.0 28.1 23.1 34.4 32.7 20.9 15.2 19.0  60.0 156.2 0
35.3 25.4 28.5 15.1 24.9 10.6 10.4 17.0 12.6  95.9  80.9  60.8  77.4  84.6 51.0 26.8 22.8 34.4 33.1 21.0 15.4 31.0  46.8 149.9 0
36.2 28.7 27.8 16.0 23.7 12.4 10.2 17.9 13.2  96.1  82.1  66.9  82.4  91.6 53.4 26.2 22.6 35.0 35.2 22.4 15.2 34.0  57.3 169.5 0
34.9 28.7 32.9 16.8 26.8 13.4 10.8 17.9 12.9  98.5  89.3  68.8  90.8 103.3 63.0 29.6 25.1 34.4 35.0 21.0 15.9 34.0  64.1 160.0 0
38.7 29.7 32.0 15.8 26.4 12.8 10.5 18.4 13.8 103.8  85.3  63.7  85.3  96.3 55.5 26.4 23.0 36.5 34.1 21.3 15.0 24.0  63.6 175.3 0
37.6 25.2 29.0 19.2 27.1 14.0 11.0 18.9 13.2 105.0  89.0  71.2  86.1  93.5 56.1 30.2 24.4 37.0 37.5 22.6 15.7 22.0  67.3 169.5 0
34.7 29.4 33.5 17.7 25.4 12.4 10.8 20.2 12.8 100.2  94.1  79.6 103.5 104.3 66.5 36.9 29.0 40.3 37.9 24.6 16.4 34.0  75.5 160.0 0
37.8 29.7 31.3 18.5 26.6 13.4 11.2 18.4 14.2  99.1  90.8  77.9  90.6  96.3 56.2 28.1 24.3 38.2 36.6 22.3 15.4 30.0  68.2 172.7 0
39.8 27.5 31.5 19.4 29.0 13.1 10.4 17.6 13.8 107.6  97.0  69.6  90.2  98.3 56.3 32.0 25.1 32.3 33.8 20.8 15.9 32.0  61.4 162.6 0
36.5 29.7 34.0 20.2 28.5 13.3  9.8 18.9 12.4 104.0  95.4  86.0 107.1 112.1 64.4 32.3 26.4 35.7 37.0 21.4 15.8 40.0  76.8 157.5 0
38.0 30.4 32.9 17.0 27.1 12.9 10.4 19.5 14.4 108.4  91.8  69.9  90.4 101.0 60.6 30.3 25.4 37.7 37.9 22.4 15.4 29.0  71.8 176.5 0
35.3 28.7 30.4 17.7 25.6 12.4  9.8 17.3 13.6  99.3  87.3  63.5  79.2  89.5 55.2 30.1 23.6 35.6 33.3 22.4 15.2 21.0  55.5 164.4 0
34.7 24.9 24.7 17.3 24.2 12.0 10.2 18.0 13.6  91.9  78.1  57.9  75.1  86.9 51.8 27.4 24.0 34.4 34.1 21.2 15.5 33.0  48.6 160.7 0
38.5 29.0 32.9 15.3 25.6 12.0  9.8 18.6 13.3 107.1  90.9  72.2  89.4  98.6 59.0 30.6 24.9 38.4 36.6 22.0 15.5 33.0  66.4 174.0 0
35.6 29.0 29.0 20.4 26.8 13.4 10.8 18.7 13.8 100.5  97.1  80.4 100.8 102.2 57.4 33.2 25.5 39.6 35.9 23.0 16.4 38.0  67.3 163.8 0
