          1         78          2         83          4       2.53       1.07          3
          2         72          2        117          4       2.50       1.16          2
          3         72          2        132          4       2.43       1.13          2
          4         73          2        102          4       2.48        .81          2
          5         73          2        114          4       2.33       1.13          2
          6         73          2         88         43       2.13        .84          2
          7         65          2        213          4       2.55       1.26          1
          8         68          2        153          4       2.45       1.23          1
          9         89          1         86          4       2.25        .65          5
         10         84          1        108          4       2.43        .84          4
         11        771          1         96          4       2.40       1.10          2
         12         80          2         58          5       2.25       1.10          4
         13         80          2         45          5       2.18       1.49          4
         14         76          2         73          5       2.55       1.23          3
         15         70          2         91          2       2.38       1.42          2
         16         70          2         57          5       2.30       1.16          2
         17         71          2        159          4       2.60       1.32          2
         18         70          2         52          5       2.20       1.07          2
         19         70          2         67          5       2.38       1.13          2
         20         66          2        111          5       2.63       1.13          1
         21         76          1         84          5       3.20        .90          3
         22         76          1                     5       2.18        .84          3
         23         68          1         82          5       2.15        .52          1
         24         69          1         84          5       2.30       1.36          1
         25         76          2        100          3      25.30       1.07          3
         26         70          2         90          3      20.00        .97          2
         27         71          2        109          3      22.30        .94          2
         28         70         22         65          3      24.30       1.42          2
         29         74          2         61          3      25.00        .87          2
         30         74          2         62          3      23.30        .94          2
         31         74          2         43          3      24.00       1.16          2
         32         70          2         57          3      25.00       3.21          2
         33         69          2        129          3      25.00       1.07          1
         34         82          1        118          3      23.50        .90          4
         35         84          1         42          3      22.50        .94          4
         36         70          1         73          3      24.50        .84          2
         37         68          1         60          3      23.30        .87          1
         38         84          2         80          2       2.33        .94          4
         39         76          2         89          2       2.43       1.29          3
         40         76          2         95          2       2.38       1.03          3
         41         75          2         87          2       2.40       1.18          3
         42         75          2         88          2       2.28                     3
         43         71          2         69          2       2.35       1.32          2
         44         72          2         72          2       2.28       1.07          2
         45         73          2         92          2       2.48       1.00          2
         46         72          2        129          2       2.48       1.42          2
         47         70          2         97          2       2.35       1.03          2
         48         74          2        110          2       2.63       1.23          2
         49         71          2        129          2       2.45       1.26          2
         50         73          2         98          2       2.75        .90          2
         51         72          2         54          2       2.40       1.19          2
         52         71          2         55          2       2.48       1.13          2
         53        699          2        147          2       2.45       1.19          1
         54         65          2         86          2       2.45       1.13          1
         55         69          2         69          2       2.33        .97          1
         56         68          2         60          2       2.43       1.10          1
         57         69          2        137          2       2.60       1.29          1
         58         67          2         78          2       2.45       1.19          1
         59         88          1         78          2       2.35        .87          5
         60         77          1          9          2       2.40       1.26          3
         61         76          1         98          2       2.40       1.39          3
         62         76          1         81          2       2.38       1.00          3
         63         76          1         97          2       2.33       1.00          3
         64         77          1         91          2       2.35       1.00          3
         65         78          1         83          2       2.58       1.10          3
         66         78          1         71          2       2.23        .87          3
         67         75          1         82          2       2.43       1.23          3
         68         75          1         71          2       2.40       1.19          3
         69         70          1         58          2       2.48        .87          2
         70         74          1         75          2       2.33       1.23          2
         71         71          1         84          2       2.50        .97          2
         72         70          1         62          2       2.35       1.13          2
         73         70          1         91          2       2.53       1.42          2
         74         73          1        168          2       2.55       1.13          2
         75         67          1         75          2       2.45       1.26          1
         76         69          1        100          2       2.33       1.16          1
         77         68          1         76          2       2.43        .97          1
         78         67          1         85         21       2.38        .97          1
         79         82          2        115          1       2.33       1.61           
         80         79          2        193          1       2.28       1.23          3
         81         78          2        123          1       2.13       1.19          3
         82         75          2        126          1       2.40       1.26          3
         83         79          2         86          1       2.48        .97          3
         84         75          2        100          1       2.20       1.23          3
         85         78          2        115          1                  1.19          3
         86         75          2         98          1       2.50       1.29          3
         87         73          2         85          1       2.20        .94          2
         88         71          2        116          1       2.50       1.00          2
         89         73          2        155          1       2.35        .94          2
         90         74          2        124          1       2.70       1.19          2
         91         71          2        116          1       2.50       1.00          2
         92         73          2         85          1       2.20        .94          2
         93         72          2         73          1       2.45       1.58          2
         94         70          2        219          1       2.25       1.16          2
         95         71          2         78          1       2.50       1.26          2
         96         74          2        103          1       2.38       1.26          2
         97         73          2         83          1       2.30       1.32          2
         98         72          2         72          1       2.20        .94          2
         99         69          2         81          1       2.65       1.29          1
        100         69          2        171          1       2.33       1.07          1
        101         66          2         68          1       2.30       1.13          1
        102         65          2        107          1       2.53       1.07          1
        103         66          2         68          1       2.30       1.13          1
        104         68          2         69          1       2.40        .97          1
        105                     2        163          1       2.25       1.36          1
        106         65          2        123          1       2.28       1.10          1
        107         68          2        111          1       2.30       1.19          1
        108         86          1         79          1       2.25        .09          5
        109         80          1         97          1       2.48        .77          4
        110         80          1         88          1       2.48       1.23          4
        111         81          1         84          1       2.18        .97          4
        112         78          1        105          1       2.30       1.16          3
        113         77          1         85          1       2.25       1.07          3
        114         79          1        127          1       2.55       1.00          3
        115         79          1         77          1       2.25       1.23          3
        116         75          1        106          1       2.28       1.00          3
        117         75          1         62          1       2.48       1.13          3
        118         78          1        106          1       2.18       1.13          3
        119         75          1         75          1       2.10       1.10          3
        120         79         21         83          1       2.15       1.26          3
        121         79          1         91          1       2.28       1.13          3
        122         77          1         83          1       2.18       1.16          3
        123        730          1         74          1       2.38        .84          2
        124         72          1        136          1       2.20        .77          2
        125         74          1        150          1       2.25        .94          2
        126         70          1         75          1       2.35        .84          2
        127         70          1         64          1       2.45        .84          2
        128         72          1         52          1       2.30        .87          2
        129         71          1        122          1       2.33       1.00          2
        130         70          1         85          1       2.33       1.23          2
        131         72          1         91          1       2.10       1.29          2
        132         74          1         71          1       2.35       8.84          2
        133         71          1         76          1       2.25        .97          2
        134         71          1         87          1       2.15       1.00          2
        135         70          1         97          1       2.33       1.07          2
        136         71          1        116          1       2.33        .87          2
        137         72          1         68          1       2.28       1.00          2
        138         74          1         50          1       2.38       1.03          2
        139         68          1         77          1       2.18       1.13          1
        140         67          1         91          1       2.35        .97          1
        141         65          1         64          1       2.35        .77          1
        142         69          1         63          1       2.23       1.23          1
        143         69          1         67          1       2.20       1.32          1
        144         66          1        100          1       2.33       1.23          1
        145         67          1         61          1       2.25       1.26          1
        146         67          1         52          1       2.35       1.26          1
        147         67          1        140          1       2.50        .84          1
        148         68          1        107          1       1.90       1.32          1
        149         65          1         66          1       1.05       1.19          1
        150         68          1         67          1       2.40       1.19          1
        151         66          1        105          1       2.30        .97          1
        152         69          1         62          1       2.23       1.03          1
        153         68          1         50          1       2.30       1.13          1
        154         68          1         83          1       2.43       1.16          1
        155         69          1         79          1       2.25       1.07          1
        156         68          1        114          1       2.40       1.42          1
        157         67          1         57          1       2.25       1.07          1
        158         67          1         90          1       2.28       1.32          1
        159         67          1         67          1       2.18        .97          1
        160         68          1        105          1       2.50       1.36          1
        161         66          1        130          1       2.40       1.29          1
        162         65          1        110          1       2.28       1.16          1
        163         65          1        119          1       2.10       1.16          1
        164         69          1         76          1       2.30       1.00          1
        165         67          1         69          1       2.38        .84          1
        166         68          1         83          1       2.43       1.16          1
        167         80          2         61          6       2.35       1.10          4
        168         76          1         73          6       2.23       1.16          3
        169         66          2        122          6       2.40       1.19          1
        170         72          2         89                  2.30       1.36          2
        171         73          2        109          6       2.48       1.36          2
        172         72          2         57          6       2.40       1.19          2
        173         74         12         72          3       2.20       1.19          2
        174         72          2        138          3       2.45       1.07          2
        175         71          2        115          3       2.18       1.10          2
        176         67          2         84          6       2.30       2.16          1
        177         77          2         83          4       2.65        .97          3
        178         70          2        124          4       2.50        .97          2
