  1   78   2    83   10.1   3.3   4   2.53   1.07   3
  2   72   2   117   10.0   3.6   4   2.50   1.16   2
  3   72   2   132    9.7   3.5   4   2.43   1.13   2
  4   73   2   102    9.9   2.5   4   2.48   0.81   2
  5   73   2   114    9.3   3.5   4   2.33   1.13   2
  6   73   2    88    8.5   2.6   4   2.13   0.84   2
  7   65   2   213   10.2   3.9   4   2.55   1.26   1
  8   68   2   153    9.8   3.8   4   2.45   1.23   1
  9   89   1    86    9.0   2.0   4   2.25   0.65   5
 10   84   1   108    9.7   2.6   4   2.43   0.84   4
 11   71   1    96    9.6   3.4   4   2.40   1.10   2
 12   80   2    58    9.0   3.4   5   2.25   1.10   4
 13   80   2    45    8.7   4.6   5   2.18   1.49   4
 14   76   2    73   10.2   3.8   5   2.55   1.23   3
 15   70   2    91    9.5   4.4   2   2.38   1.42   2
 16   70   2    57    9.2   3.6   5   2.30   1.16   2
 17   71   2   159   10.4   4.1   4   2.60   1.32   2
 18   70   2    52    8.8   3.3   5   2.20   1.07   2
 19   70   2    67    9.5   3.5   5   2.38   1.13   2
 20   66   2   111   10.5   3.5   5   2.63   1.13   1
 21   76   1    84    8.8   2.8   5   2.20   0.90   3
 22   76   1    64    8.7   2.6   5   2.18   0.84   3
 23   68   1    82    8.6   1.6   5   2.15   0.52   1
 24   69   1    84    9.2   4.2   5   2.30   1.36   1
 25   76   2   100   10.1   3.3   3   2.53   1.07   3
 26   70   2    90    8.0   3.0   3   2.00   0.97   2
 27   71   2   109    8.9   2.9   3   2.23   0.94   2
 28   70   2    65    9.7   4.4   3   2.43   1.42   2
 29   74   2    61   10.0   2.7   3   2.50   0.87   2
 30   74   2    62    9.3   2.9   3   2.33   0.94   2
 31   74   2    43    9.6   3.6   3   2.40   1.16   2
 32   70   2    57   10.0   3.8   3   2.50   1.23   2
 33   69   2   129   10.0   3.3   3   2.50   1.07   1
 34   82   1   118    9.4   2.8   3   2.35   0.90   4
 35   84   1    42    9.0   2.9   3   2.25   0.94   4
 36   70   1    73    9.8   2.6   3   2.45   0.84   2
 37   68   1    60    9.3   2.7   3   2.33   0.87   1
 38   84   2    80    9.3   2.9   2   2.33   0.94   4
 39   76   2    89    9.7   4.0   2   2.43   1.29   3
 40   76   2    95    9.5   3.2   2   2.38   1.03   3
 41   75   2    87    9.6   3.7   2   2.40   1.18   3
 42   75   2    88    9.1     .   2   2.28      .   3
 43   71   2    69    9.4   4.1   2   2.35   1.32   2
 44   72   2    72    9.1   3.3   2   2.28   1.07   2
 45   73   2    92    9.9   3.1   2   2.48   1.00   2
 46   72   2   129    9.9   4.4   2   2.48   1.42   2
 47   70   2    97    9.4   3.2   2   2.35   1.03   2
 48   74   2   110   10.5   3.8   2   2.63   1.23   2
 49   71   2   129    9.8   3.9   2   2.45   1.26   2
 50   73   2    98   11.0   2.8   2   2.75   0.90   2
 51   72   2    54    9.6   3.7   2   2.40   1.19   2
 52   71   2    55    9.9   3.5   2   2.48   1.13   2
 53   69   2   147    9.8   3.7   2   2.45   1.19   1
 54   65   2    86    9.8   3.5   2   2.45   1.13   1
 55   69   2    69    9.3   3.0   2   2.33   0.97   1
 56   68   2    60    9.7   3.4   2   2.43   1.10   1
 57   69   2   137   10.4   4.0   2   2.60   1.29   1
 58   67   2    78    9.8   3.7   2   2.45   1.19   1
 59   88   1    78    9.4   2.7   2   2.35   0.87   5
 60   77   1    97    9.6   3.9   2   2.40   1.26   3
 61   76   1    98    9.6   4.3   2   2.40   1.39   3
 62   76   1    81    9.5   3.1   2   2.38   1.00   3
 63   76   1    97    9.3   3.1   2   2.33   1.00   3
 64   77   1    91    9.4   3.1   2   2.35   1.00   3
 65   78   1    83   10.3   3.4   2   2.58   1.10   3
 66   78   1    71    8.9   2.7   2   2.23   0.87   3
 67   75   1    82    9.7   3.8   2   2.43   1.23   3
 68   75   1    71    9.6   3.7   2   2.40   1.19   3
 69   70   1    58    9.9   2.7   2   2.48   0.87   2
 70   74   1    75    9.3   3.8   2   2.33   1.23   2
 71   71   1    84   10.0   3.0   2   2.50   0.97   2
 72   70   1    62    9.4   3.5   2   2.35   1.13   2
 73   70   1    91   10.1   4.4   2   2.53   1.42   2
 74   73   1   168   10.2   3.5   2   2.55   1.13   2
 75   67   1    75    9.8   3.9   2   2.45   1.26   1
 76   69   1   100    9.3   3.6   2   2.33   1.16   1
 77   68   1    76    9.7   3.0   2   2.43   0.97   1
 78   67   1    85    9.5   3.0   2   2.38   0.97   1
 79   82   2   115    9.3   5.0   1   2.33   1.61   4
 80   79   2   193    9.1   3.8   1   2.28   1.23   3
 81   78   2   123    8.5   3.7   1   2.13   1.19   3
 82   75   2   126    9.6   3.9   1   2.40   1.26   3
 83   79   2   86     9.9   3.0   1   2.48   0.97   3
 84   75   2   100    8.8   3.8   1   2.20   1.23   3
 85   78   2   115    9.4   3.7   1      .   1.19   3
 86   75   2    98   10.0   4.0   1   2.50   1.29   3
 87   73   2    85    8.8   2.9   1   2.20   0.94   2
 88   71   2   116   10.0   3.1   1   2.50   1.00   2
 89   73   2   155    9.4   2.9   1   2.35   0.94   2
 90   74   2   124   10.8   3.7   1   2.70   1.19   2
 91   71   2   116   10.0   3.1   1   2.50   1.00   2
 92   73   2    85    8.8   2.9   1   2.20   0.94   2
 93   72   2    73    9.8   4.9   1   2.45   1.58   2
 94   70   2   219    9.0   3.6   1   2.25   1.16   2
 95   71   2    78   10.0   3.9   1   2.50   1.26   2
 96   74   2   103    9.5   3.9   1   2.38   1.26   2
 97   73   2    83    9.2   4.1   1   2.30   1.32   2
 98   72   2    72    8.8   2.9   1   2.20   0.94   2
 99   69   2    81   10.6   4.0   1   2.65   1.29   1
100   69   2   171    9.3   3.3   1   2.33   1.07   1
101   66   2    68    9.2   3.5   1   2.30   1.13   1
102   65   2   107   10.1   3.3   1   2.53   1.07   1
103   66   2    68    9.2   3.5   1   2.30   1.13   1
104   68   2    69    9.6   3.0   1   2.40   0.97   1
105    .   2   163    9.0   4.2   1   2.25   1.36   1
106   65   2   123    9.1   3.4   1   2.28   1.10   1
107   68   2   111    9.2   3.7   1   2.30   1.19   1
108   86   1    79    9.0   2.8   1   2.25   0.90   5
109   80   1    97    9.9   2.4   1   2.48   0.77   4
110   80   1    88    9.9   3.8   1   2.48   1.23   4
111   81   1    84    8.7   3.0   1   2.18   0.97   4
112   78   1   105    9.2   3.6   1   2.30   1.16   3
113   77   1    85    9.0   3.3   1   2.25   1.07   3
114   79   1   127   10.2   3.1   1   2.55   1.00   3
115   79   1    77    9.0   3.8   1   2.25   1.23   3
116   75   1   106    9.1   3.1   1   2.28   1.00   3
117   75   1    62    9.9   3.5   1   2.48   1.13   3
118   78   1   106    8.7   3.5   1   2.18   1.13   3
119   75   1    75    8.4   3.4   1   2.10   1.10   3
120   79   1    83    8.6   3.9   1   2.15   1.26   3
121   79   1    91    9.1   3.5   1   2.28   1.13   3
122   77   1    83    8.7   3.6   1   2.18   1.16   3
123   73   1    74    9.5   2.6   1   2.38   0.84   2
124   72   1   136    8.8   2.4   1   2.20   0.77   2
125   74   1   150    9.0   2.9   1   2.25   0.94   2
126   70   1    75    9.4   2.6   1   2.35   0.84   2
127   70   1    64    9.8   2.6   1   2.45   0.84   2
128   72   1    52    9.2   2.7   1   2.30   0.87   2
129   71   1   122    9.3   3.1   1   2.33   1.00   2
130   70   1    85    9.3   3.8   1   2.33   1.23   2
131   72   1    91    8.4   4.0   1   2.10   1.29   2
132   74   1    71    9.4   2.6   1   2.35   0.84   2
133   71   1    76    9.0   3.0   1   2.25   0.97   2
134   71   1    87    8.6   3.1   1   2.15   1.00   2
135   70   1    97    9.3   3.3   1   2.33   1.07   2
136   71   1   116    9.3   2.7   1   2.33   0.87   2
137   72   1    68    9.1   3.1   1   2.28   1.00   2
138   74   1    50    9.5   3.2   1   2.38   1.03   2
139   68   1    77    8.7   3.5   1   2.18   1.13   1
140   67   1    91    9.4   3.0   1   2.35   0.97   1
141   65   1    64    9.4   2.4   1   2.35   0.77   1
142   69   1    63    8.9   3.8   1   2.23   1.23   1
143   69   1    67    8.8   4.1   1   2.20   1.32   1
144   66   1   100    9.3   3.8   1   2.33   1.23   1
145   67   1    61    9.0   3.9   1   2.25   1.26   1
146   67   1    52    9.4   3.9   1   2.35   1.26   1
147   67   1   140   10.0   2.6   1   2.50   0.84   1
148   68   1   107    7.6   4.1   1   1.90   1.32   1
149   65   1    66    8.2   3.7   1   2.05   1.19   1
150   68   1    67    9.6   3.7   1   2.40   1.19   1
151   66   1   105    9.2   3.0   1   2.30   0.97   1
152   69   1    62    8.9   3.2   1   2.23   1.03   1
153   68   1    50    9.2   3.5   1   2.30   1.13   1
154   68   1    83    9.7   3.6   1   2.43   1.16   1
155   69   1    79    9.0   3.3   1   2.25   1.07   1
156   68   1   114    9.6   4.4   1   2.40   1.42   1
157   67   1    57    9.0   3.3   1   2.25   1.07   1
158   67   1    90    9.1   4.1   1   2.28   1.32   1
159   67   1    67    8.7   3.0   1   2.18   0.97   1
160   68   1   105   10.0   4.2   1   2.50   1.36   1
161   66   1   130    9.6   4.0   1   2.40   1.29   1
162   65   1   110    9.1   3.6   1   2.28   1.16   1
163   65   1   119    8.4   3.6   1   2.10   1.16   1
164   69   1    76    9.2   3.1   1   2.30   1.00   1
165   67   1    69    9.5   2.6   1   2.38   0.84   1
166   68   1    83    9.7   3.6   1   2.43   1.16   1
167   80   2    61    9.4   3.4   6   2.35   1.10   4
168   76   1    73    8.9   3.6   6   2.23   1.16   3
169   66   2   122    9.6   3.7   6   2.40   1.19   1
170   72   2    89    9.2   4.2   .   2.30   1.36   2
171   73   2   109    9.9   4.2   6   2.48   1.36   2
172   72   2    57    9.6   3.7   6   2.40   1.19   2
173   74   2    72    8.8   3.7   3   2.20   1.19   2
174   72   2   138    9.8   3.3   3   2.45   1.07   2
175   71   2   115    8.7   3.4   3   2.18   1.10   2
176   67   2    84    9.2   3.9   6   2.30   1.26   1
177   77   2    83   10.6   3.0   4   2.65   0.97   3
178   70   2   124   10.0   3.0   4   2.50   0.97   2
