    0005       1    3837       5
    0104       1    3334      64
    0118       2    3554      78
    0155       2    3838     115
    0257       2    3625     177
    0405       1    2208     245
    0407       1    1745     247
    0422       2    2846     262
    0431       2    3166     271
    0708       2    3520     428
    0735       2    3380     455
    0812       2    3294     492
    0814       1    2576     494
    0909       1    3208     549
    1035       2    3521     635
    1049       1    3746     649
    1053       1    3523     653
    1133       2    2902     693
    1209       2    2635     729
    1256       2    3920     776
    1305       2    3690     785
    1406       1    3430     846
    1407       1    3480     847
    1433       1    3116     873
    1446       1    3428     886
    1514       2    3783     914
    1631       2    3345     991
    1657       2    3034    1017
    1742       1    2184    1062
    1807       2    3300    1087
    1825       1    2383    1105
    1854       2    3428    1134
    1909       2    4162    1149
    1947       2    3630    1187
    1949       2    3406    1189
    1951       2    3402    1191
    2010       1    3500    1210
    2037       2    3736    1237
    2051       2    3370    1251
    2104       2    2121    1264
    2123       2    3150    1283
    2217       1    3866    1337
    2327       1    3542    1407
    2355       1    3278    1435
